1000 9894
230 309
978 526
492 635
73 943
510 756
975 906
156 290
817 600
447 237
323 275
698 301
386 69
467 828
907 555
882 913
664 356
259 584
778 724
433 845
877 906
312 958
701 444
481 601
208 767
714 569
71 100
200 915
536 973
79 617
411 35
85 56
238 542
667 274
240 910
592 435
359 127
362 161
605 355
184 709
740 986
10 789
84 102
946 73
107 79
610 58
188 132
301 419
374 763
899 466
558 181
724 165
836 959
799 309
840 442
455 871
269 726
954 430
280 721
278 876
451 360
694 420
887 933
712 308
102 51
68 231
590 868
812 230
116 235
655 680
824 748
287 788
453 572
863 821
845 874
632 137
730 538
412 32
257 370
868 684
67 71
470 128
932 957
534 601
539 929
21 378
190 259
356 111
376 677
111 263
150 961
446 120
748 680
858 152
751 983
221 808
556 807
902 831
595 699
473 47
165 417
809 663
829 666
830 429
523 519
797 188
919 473
479 406
834 163
749 52
198 314
881 196
909 260
57 635
683 987
501 140
249 227
486 720
360 708
292 361
916 803
169 482
889 307
672 263
912 278
629 305
520 859
591 91
995 699
875 145
899 417
884 737
560 759
874 475
801 967
822 555
89 597
792 530
280 702
44 431
102 986
120 957
248 540
48 877
641 667
551 350
145 564
883 472
508 403
54 995
127 747
371 157
836 177
495 683
432 55
146 893
954 164
383 962
475 244
747 423
824 648
567 3
104 677
401 920
47 143
599 867
836 87
56 993
737 510
258 945
509 650
458 876
220 579
683 349
777 784
91 214
914 972
293 574
111 283
976 112
683 123
738 648
354 431
338 1000
827 394
906 470
1000 389
484 830
561 414
809 673
627 678
555 69
652 857
579 843
800 940
764 469
639 731
730 165
839 21
414 720
311 684
16 549
956 551
833 212
374 244
393 475
474 481
144 607
147 676
739 30
515 753
438 704
754 449
64 181
264 471
286 788
732 764
606 221
224 459
222 202
938 667
590 52
227 720
305 782
657 49
640 769
201 973
532 791
516 380
774 904
443 920
374 688
783 646
343 528
344 626
116 414
614 437
509 249
463 203
3 36
524 447
20 843
194 706
176 121
690 915
529 571
481 482
21 111
684 481
667 725
906 807
926 418
327 947
440 685
771 659
573 771
522 279
542 850
543 447
232 335
765 123
642 924
55 753
793 280
506 549
750 256
605 489
845 20
938 374
498 129
251 987
108 960
270 339
881 320
682 883
42 466
251 72
111 428
114 448
155 654
835 973
877 933
824 79
716 485
493 924
649 36
365 651
375 408
330 779
355 212
251 263
269 156
161 627
456 893
431 723
368 89
722 948
504 617
857 939
771 375
459 707
173 593
434 63
52 626
511 63
558 956
245 432
282 426
918 441
899 104
338 306
670 985
175 485
857 758
749 576
608 572
594 515
352 506
975 130
705 442
814 4
908 121
511 482
894 161
126 15
148 437
68 526
139 26
488 904
880 622
898 325
3 635
611 750
473 506
564 876
626 741
163 865
573 694
43 471
867 969
7 176
798 325
154 224
858 496
180 740
427 322
812 33
341 535
114 179
404 339
137 376
18 429
626 854
994 713
129 972
426 134
794 87
413 396
161 467
533 363
935 11
77 799
886 735
482 277
924 162
946 800
655 184
413 317
17 764
242 305
479 44
686 954
191 376
360 956
278 769
331 109
207 694
908 763
913 437
271 417
463 969
476 580
114 601
117 342
632 998
126 540
968 717
670 795
529 421
213 980
207 645
184 710
793 600
810 390
904 735
458 295
325 155
606 36
753 592
461 587
287 211
951 65
927 38
173 232
780 80
249 770
72 773
658 628
168 504
791 304
475 477
652 26
106 44
658 647
115 790
311 747
940 797
119 806
419 391
219 884
145 873
116 244
561 33
987 331
272 628
310 220
607 862
955 297
673 984
840 119
824 604
57 371
736 953
355 626
287 565
474 76
722 278
885 890
670 14
67 215
697 172
928 832
650 218
686 756
468 529
711 567
626 205
78 612
428 691
86 51
731 266
125 535
668 281
609 175
269 450
380 459
274 88
136 9
1000 328
583 799
749 51
217 162
400 795
364 983
327 221
296 335
291 561
790 526
938 789
903 805
960 357
838 378
165 847
778 781
250 252
89 698
370 969
33 285
61 292
365 603
27 892
247 729
58 159
127 39
663 75
939 931
853 681
503 992
533 555
314 883
791 231
304 261
33 985
748 320
896 601
434 696
516 590
903 382
547 208
243 380
921 43
443 315
559 601
196 17
464 679
261 603
633 482
194 622
546 507
909 651
567 83
771 694
77 227
777 565
689 481
105 234
622 449
38 534
789 966
21 300
243 372
799 574
465 210
1 562
958 854
741 46
669 257
302 986
393 30
360 71
177 951
717 53
350 550
996 124
692 341
826 366
207 840
99 371
462 803
982 42
285 826
624 530
821 152
716 450
990 737
293 287
166 605
479 100
372 980
263 871
892 259
899 947
627 598
223 99
51 351
445 37
653 576
341 500
752 261
973 719
498 689
762 866
464 993
563 367
932 888
910 710
352 514
169 76
486 765
108 71
144 123
477 918
300 625
173 509
924 347
123 514
36 907
511 235
388 375
177 997
945 509
430 135
306 177
861 161
594 540
685 499
934 646
334 338
637 523
214 804
507 17
314 864
42 893
832 887
889 778
382 229
76 652
457 918
385 81
797 620
926 272
712 924
125 441
287 862
73 710
360 374
676 654
113 610
665 443
445 675
450 283
548 448
197 766
592 720
388 965
753 215
321 494
449 721
769 262
38 909
534 518
8 752
744 186
63 42
86 921
432 528
345 273
381 595
80 34
902 885
560 284
449 499
655 167
693 16
435 711
125 622
153 87
494 285
816 433
146 452
588 202
800 969
400 691
470 373
753 111
660 685
203 10
194 263
286 277
993 120
706 447
635 15
247 861
251 262
198 259
787 802
372 988
94 176
701 376
938 858
891 100
762 902
321 884
840 964
468 13
450 528
895 934
308 630
818 775
212 10
514 524
148 882
339 905
946 163
434 911
369 674
14 68
758 823
900 810
477 269
908 457
582 240
396 309
456 24
771 835
556 475
993 215
926 765
50 944
385 189
152 160
45 235
447 299
289 699
917 87
152 207
444 783
600 717
68 931
585 287
56 555
241 465
684 85
250 870
923 987
121 863
713 419
309 40
294 436
920 67
307 165
133 890
806 355
337 983
530 766
478 965
722 450
355 823
526 626
428 569
251 998
397 518
272 981
402 924
406 828
777 184
150 938
708 896
195 751
865 983
807 972
366 260
247 3
415 823
324 792
109 30
551 459
899 634
187 828
631 185
647 948
487 840
526 82
583 826
752 510
991 17
416 861
218 601
739 89
317 147
843 247
807 528
478 158
763 316
37 141
864 885
883 819
648 374
943 161
822 978
783 584
588 528
684 983
9 472
654 479
782 656
109 644
187 454
723 248
638 485
748 349
107 367
129 321
519 692
576 406
297 667
119 944
102 166
339 368
177 125
89 793
664 633
993 243
573 889
504 288
858 691
633 872
159 202
36 391
939 729
917 506
976 586
577 877
462 409
716 900
148 168
332 957
478 903
584 238
395 369
590 4
703 751
372 573
185 34
16 761
848 306
77 32
670 15
750 313
310 622
826 343
355 851
802 270
416 189
751 977
590 337
460 142
775 449
172 538
583 760
323 414
180 61
150 773
320 392
730 207
678 871
570 628
165 304
374 649
799 945
637 151
56 353
921 803
709 964
491 479
972 358
26 488
429 925
985 213
144 787
566 778
957 391
279 127
966 223
308 989
828 148
847 360
649 575
944 953
35 344
456 739
53 911
457 14
136 981
357 557
563 974
512 844
196 749
161 394
287 182
269 871
988 321
760 288
743 233
637 614
912 69
607 526
258 331
296 682
433 42
317 748
232 552
452 21
539 733
940 770
903 142
561 499
724 921
799 73
638 227
505 997
37 846
794 331
798 371
671 3
710 559
807 451
591 344
538 852
45 324
621 997
823 885
720 442
389 439
851 628
85 600
87 62
785 459
3 993
171 3
686 678
696 674
180 499
77 853
125 367
967 940
94 552
133 84
254 45
378 295
455 105
384 534
80 357
200 862
517 15
702 5
740 344
142 252
892 268
660 633
133 208
408 998
485 948
144 992
718 910
705 1
320 33
639 392
72 642
326 11
478 342
904 777
10 856
139 564
567 556
416 611
773 617
453 45
164 80
148 701
220 762
66 684
236 706
440 883
230 416
230 224
658 701
687 515
789 293
813 479
581 67
89 849
681 629
872 564
376 803
428 931
768 671
515 506
789 7
202 931
189 244
188 754
503 949
859 727
250 951
253 468
299 148
816 58
409 628
926 51
384 111
441 75
684 1
43 139
501 891
985 518
380 72
510 735
439 705
191 96
690 769
217 733
881 326
717 216
19 429
669 149
321 271
910 353
747 961
161 422
393 759
579 152
268 993
531 989
734 564
94 407
187 787
88 844
752 467
145 251
327 23
494 636
139 997
692 255
553 279
476 610
118 43
563 330
57 680
105 972
624 876
416 673
574 334
633 658
322 599
952 578
40 156
469 533
914 386
594 71
995 757
958 573
767 89
969 402
879 334
348 743
19 577
853 608
802 722
141 356
476 85
172 318
173 19
343 679
783 954
715 976
883 402
741 592
779 383
49 158
115 763
571 241
79 270
10 259
680 795
784 982
241 583
996 497
957 853
724 576
33 339
489 369
91 453
112 984
669 422
428 276
51 49
570 29
621 595
774 99
685 700
789 808
11 405
985 610
292 300
768 8
777 814
869 432
138 784
342 16
976 58
631 410
564 337
712 452
397 662
53 212
136 128
467 686
381 856
467 826
739 890
333 981
887 82
781 577
790 753
847 960
114 708
117 675
486 600
268 747
587 399
660 561
972 323
222 102
848 945
723 703
501 181
875 392
180 901
790 467
361 915
787 543
700 452
629 346
657 511
109 754
956 45
611 956
27 771
196 650
503 798
572 125
779 701
165 703
452 931
58 358
865 94
519 695
166 805
794 82
297 666
301 66
927 402
604 317
236 921
898 180
976 700
538 95
23 533
816 277
963 454
49 186
876 585
346 460
257 85
427 773
358 287
436 765
152 705
129 147
613 283
941 276
120 352
176 146
312 434
895 411
295 155
608 356
155 957
987 96
215 452
30 495
950 268
932 783
772 548
864 589
703 972
488 305
954 690
80 235
781 643
346 802
613 800
247 230
892 249
216 330
190 718
192 685
946 548
749 49
952 173
352 905
832 387
364 96
536 603
222 66
359 351
809 6
478 379
173 407
411 302
602 599
362 464
161 795
555 696
424 179
10 820
302 52
523 669
254 301
790 217
866 947
870 907
589 611
605 342
900 536
636 572
961 542
157 709
374 629
214 798
692 666
52 915
791 342
950 198
68 183
452 22
806 12
366 564
684 361
408 148
372 317
292 532
50 633
145 843
664 965
449 1000
3 693
133 526
595 175
121 564
287 757
547 115
868 764
616 270
119 475
105 377
363 909
181 52
739 758
276 856
24 241
535 664
850 709
655 988
821 452
565 528
454 518
915 240
735 403
483 537
416 73
513 733
473 8
950 522
826 524
848 204
680 688
707 259
848 859
679 386
887 26
578 159
525 595
490 623
517 288
22 902
350 499
523 915
984 73
622 703
456 546
612 570
396 905
614 767
540 246
279 130
140 196
571 552
645 541
648 271
597 884
875 126
13 419
404 544
296 873
478 625
70 303
715 678
555 909
239 620
386 358
492 367
183 117
663 335
48 216
637 762
563 715
125 454
235 394
210 754
798 477
466 858
482 783
875 698
556 279
812 169
150 576
941 459
638 111
72 396
256 83
57 480
8 916
464 214
228 823
19 665
105 196
416 425
162 133
626 990
73 550
683 301
223 636
588 719
254 630
370 304
849 86
655 816
986 409
608 411
461 409
815 702
145 312
69 952
786 976
756 946
482 379
778 316
66 122
450 989
969 891
967 800
243 654
136 116
564 156
801 358
78 892
743 654
501 303
326 330
991 76
389 512
563 333
305 589
956 804
31 560
678 281
230 656
411 278
231 169
814 835
988 484
737 812
644 808
222 820
867 417
338 305
746 690
528 257
670 988
88 312
400 916
329 50
866 891
920 795
600 147
512 821
970 961
839 588
254 500
610 372
79 235
390 642
807 245
301 93
35 113
715 979
384 343
699 945
173 810
372 150
245 640
560 589
123 602
932 336
201 298
646 738
707 976
466 830
927 223
849 263
687 883
334 249
561 139
529 680
456 845
50 656
769 70
517 736
119 530
708 93
809 499
324 326
784 344
294 239
940 376
885 184
220 518
612 256
540 549
225 888
320 640
651 836
907 734
324 612
626 164
431 357
432 653
933 547
40 686
612 102
887 188
688 606
322 244
380 418
273 792
513 525
541 175
853 237
985 477
1 950
700 624
574 9
887 450
175 70
325 981
806 108
277 658
691 659
675 363
118 52
947 6
142 292
323 877
576 812
226 237
636 544
175 164
42 802
566 991
663 644
829 167
334 639
580 883
496 806
769 956
804 379
182 563
112 347
700 436
384 231
975 242
832 100
409 213
430 189
932 7
291 153
718 528
574 124
166 715
10 627
102 213
653 219
430 812
602 773
72 776
150 191
118 611
528 11
656 80
451 364
604 318
590 761
708 344
349 341
525 702
335 998
459 328
547 134
230 140
1 15
668 222
99 783
137 558
980 600
86 539
837 305
876 729
436 766
937 951
366 891
315 715
788 506
378 58
748 780
152 92
120 464
820 523
693 259
241 332
774 359
851 715
945 562
674 80
802 413
631 456
486 464
691 911
393 112
221 804
999 582
702 269
61 667
82 918
212 537
280 12
755 389
262 557
30 537
569 201
56 500
40 537
905 207
818 536
70 757
769 776
420 972
922 522
208 622
796 103
736 864
643 492
183 575
518 540
425 995
905 425
601 122
952 908
383 84
430 511
748 14
362 465
17 170
936 384
465 984
410 107
553 153
586 517
226 467
870 904
455 110
505 280
897 644
555 928
240 539
684 580
13 653
966 270
149 928
352 20
688 45
961 654
840 297
824 942
680 306
25 227
153 470
872 986
319 449
546 391
233 128
200 87
195 15
591 181
282 233
703 651
185 854
594 10
975 699
45 322
428 334
694 81
219 115
811 791
224 683
635 587
851 630
600 372
665 766
116 536
264 673
855 55
18 496
200 531
505 395
773 352
777 869
212 974
817 612
593 509
815 522
327 684
868 971
694 669
734 606
181 838
754 136
900 244
441 745
833 319
123 475
144 708
420 913
902 569
598 104
194 354
274 458
688 836
430 313
88 912
942 532
666 795
493 615
22 903
10 891
904 956
120 545
299 818
672 456
381 596
179 232
930 880
805 100
643 345
631 822
634 22
155 147
502 334
984 505
13 81
535 460
22 225
23 152
884 705
940 563
302 726
656 250
654 405
126 132
165 584
707 729
390 679
83 211
943 953
710 988
287 37
733 21
382 125
210 50
546 568
35 37
453 478
383 541
646 519
503 28
146 861
608 80
989 429
42 922
524 374
531 913
417 214
988 875
681 789
662 516
525 924
217 513
858 880
938 483
149 376
941 748
414 884
327 717
973 219
686 704
105 485
103 854
949 18
848 395
275 242
987 627
53 254
627 281
369 57
282 656
962 14
838 901
472 830
345 699
195 612
26 669
706 11
437 708
304 983
346 650
844 445
991 62
49 869
247 862
714 913
381 849
805 294
801 334
420 772
829 416
867 117
133 505
670 656
296 461
491 409
112 82
80 752
300 705
85 178
908 791
838 464
107 102
319 421
719 375
956 11
89 608
655 417
795 316
120 906
706 913
12 2
415 71
606 878
375 696
979 56
799 237
141 499
201 344
555 889
292 865
591 79
304 95
323 845
451 256
418 971
457 951
613 404
444 667
965 279
515 387
970 639
167 853
813 227
889 517
121 755
72 425
155 802
228 212
447 10
841 635
290 467
313 50
3 938
150 847
797 256
584 467
656 576
200 476
397 450
76 375
204 444
242 75
613 40
599 5
73 660
493 90
994 577
632 970
830 299
498 816
341 351
557 674
801 144
255 313
57 290
75 598
612 246
406 541
40 806
14 86
401 115
772 390
364 904
924 73
448 434
191 602
110 673
649 806
588 813
886 14
45 614
834 493
16 372
805 60
553 19
679 727
350 347
275 289
433 157
329 92
442 421
740 854
950 460
600 877
767 127
291 152
607 390
934 626
187 475
103 901
407 726
415 59
292 822
851 33
338 52
603 960
714 299
988 158
836 858
983 917
875 756
750 896
660 488
309 710
936 624
42 963
777 652
676 882
556 216
337 22
279 879
780 912
362 739
309 408
372 568
671 334
285 415
930 84
682 533
594 329
599 952
855 18
168 25
952 371
436 908
494 254
868 911
294 585
1000 31
696 888
134 462
754 711
677 624
90 442
551 27
42 57
151 905
284 110
346 723
420 638
477 635
132 74
647 917
156 80
783 245
161 590
843 950
492 24
44 977
393 37
695 553
639 512
734 300
592 261
737 869
444 74
128 474
662 712
169 485
642 604
822 770
696 402
183 732
684 807
352 344
691 153
287 290
399 996
550 364
148 676
679 840
336 844
443 992
410 155
68 403
822 556
129 305
662 901
443 81
410 266
413 633
434 692
831 647
597 545
157 628
286 264
932 282
844 180
93 770
319 448
185 273
620 533
571 59
771 557
849 317
408 5
361 235
327 970
882 447
555 623
498 436
525 631
471 491
787 9
945 716
323 176
767 693
336 69
56 196
539 817
765 293
12 963
215 708
19 41
510 896
369 28
942 793
691 539
319 890
195 54
889 104
296 497
169 773
325 650
215 554
809 821
176 28
354 138
501 329
672 235
35 829
706 858
114 426
813 886
562 566
691 422
207 672
678 96
790 558
83 662
100 728
982 746
141 10
770 986
918 322
204 622
188 107
300 621
1000 981
840 650
292 25
240 858
98 344
541 187
840 537
857 669
330 295
149 737
154 73
799 379
782 591
145 909
127 852
520 602
943 952
770 30
563 450
730 905
331 800
25 77
723 34
874 218
625 772
653 452
835 588
780 969
324 477
567 435
717 354
737 428
21 475
849 170
730 314
360 393
858 392
696 611
803 265
642 921
252 586
333 490
225 737
266 180
656 613
416 282
637 596
259 948
59 614
498 186
393 62
11 507
547 669
731 424
111 314
920 777
207 955
777 128
134 263
385 819
939 244
812 638
906 987
748 636
913 465
967 802
398 43
167 884
75 490
312 936
411 940
552 650
913 354
861 684
733 622
661 720
421 91
754 506
160 475
145 137
613 600
40 240
296 154
870 740
27 26
213 827
771 395
169 411
210 723
652 446
11 526
340 434
269 970
491 198
149 660
724 24
162 513
770 192
718 570
149 773
889 200
27 681
339 230
586 104
809 399
850 293
620 959
41 678
745 410
836 871
470 557
491 514
457 950
202 85
371 88
957 993
651 186
15 563
932 673
898 497
936 548
846 43
349 529
479 710
120 327
301 910
636 617
175 917
343 119
881 948
552 596
517 750
276 60
870 364
448 508
46 930
698 469
3 941
500 363
941 719
690 849
660 9
886 673
81 462
87 336
717 249
846 782
143 182
557 528
206 582
320 561
137 93
88 525
730 68
566 486
949 486
181 780
425 346
338 941
526 912
29 328
107 55
730 247
752 611
53 322
611 296
563 397
946 575
951 818
735 139
969 785
919 447
411 57
106 691
605 651
227 305
182 868
311 512
313 719
463 837
446 621
106 706
843 235
311 433
312 529
444 22
762 9
818 807
286 849
463 155
830 258
322 48
70 75
533 673
753 587
535 503
404 619
611 885
704 49
465 596
531 828
568 544
473 732
554 543
519 547
16 613
905 847
102 203
174 196
233 392
468 481
732 886
382 43
58 357
614 374
504 437
718 304
601 605
561 459
335 992
49 191
33 530
492 913
254 240
625 972
495 238
833 971
392 751
676 883
660 344
99 926
674 396
243 159
150 761
67 77
397 836
424 830
833 646
276 619
155 958
638 647
364 520
756 726
7 966
664 330
640 313
436 60
19 12
354 389
464 333
485 553
623 279
609 877
39 326
575 400
800 902
753 90
237 457
658 661
631 153
905 205
835 396
736 606
288 217
566 748
915 292
8 435
956 648
388 364
818 745
191 633
332 680
843 6
908 734
882 736
70 490
942 702
303 896
341 317
217 327
37 212
762 45
528 685
691 107
287 412
867 362
999 153
365 600
32 555
896 816
415 504
201 932
409 183
504 243
638 442
841 148
562 38
249 801
432 463
335 855
267 31
16 797
549 397
817 255
112 694
387 902
724 933
31 479
608 950
989 327
332 590
812 192
820 715
965 494
560 238
439 603
42 567
168 525
742 144
533 91
384 942
936 651
281 602
536 32
65 536
546 73
985 607
515 450
454 49
171 148
677 642
327 265
274 151
78 581
138 934
415 890
731 365
551 62
754 134
42 26
80 345
687 718
318 167
32 28
986 853
289 419
591 958
9 828
691 312
435 118
813 885
117 664
616 962
821 566
921 703
679 440
238 728
829 11
83 665
445 258
763 267
92 601
858 431
787 600
72 504
244 819
892 819
148 697
700 126
724 116
370 712
810 893
885 167
7 279
10 521
981 366
236 6
897 220
236 589
386 276
480 487
667 909
525 295
652 499
732 173
326 602
483 665
138 292
788 88
272 546
550 853
920 334
719 838
390 86
486 495
470 992
107 998
718 10
764 988
671 368
752 956
822 228
976 820
573 910
423 107
100 500
962 507
67 5
414 890
494 196
100 91
323 316
883 762
545 419
865 974
293 685
111 426
337 537
557 411
329 665
331 71
721 435
460 289
78 720
924 240
835 439
48 931
843 992
470 27
420 951
114 732
998 631
194 324
583 994
727 47
886 177
248 517
389 525
565 484
808 359
185 608
782 927
456 577
390 980
755 350
784 783
344 822
990 173
477 134
257 958
212 245
892 855
18 602
58 735
221 97
793 864
315 228
38 821
890 763
374 513
514 218
736 342
130 211
49 1
625 854
901 795
519 732
386 504
334 34
337 270
708 299
157 571
193 994
220 869
452 105
951 81
756 63
21 628
903 210
542 918
487 593
720 600
681 998
756 430
902 270
391 783
360 343
505 786
418 171
167 804
423 446
815 904
392 466
527 228
394 128
185 253
539 986
405 512
359 694
713 567
971 535
254 657
649 287
703 980
464 467
195 325
87 339
591 675
939 66
522 998
940 409
815 607
749 213
802 342
93 986
327 465
683 148
406 928
659 895
27 445
695 822
402 187
251 211
402 86
818 627
550 186
532 401
649 219
175 67
51 286
904 999
706 271
874 701
584 847
442 577
344 702
779 834
520 764
374 464
66 513
14 737
17 195
936 423
719 420
701 121
792 907
614 698
481 30
916 630
230 691
552 215
900 657
6 736
832 103
210 839
687 171
853 671
5 305
969 434
423 604
419 81
644 670
451 448
822 753
621 131
274 871
6 514
558 47
318 816
362 956
220 50
862 609
393 552
429 282
103 327
768 684
309 708
755 812
332 555
671 42
33 642
555 517
8 960
25 806
985 112
395 372
661 557
256 30
129 768
827 361
594 436
907 273
546 179
821 379
856 802
6 588
971 563
682 930
459 359
636 445
803 574
133 123
523 431
37 828
485 552
34 720
976 425
995 151
868 239
1000 319
485 697
695 794
147 800
973 596
288 218
52 867
865 720
57 531
630 464
867 62
133 430
887 419
139 801
503 442
216 108
623 613
667 503
9 737
14 338
795 43
162 868
182 611
149 602
888 636
260 581
83 474
799 496
126 284
734 223
295 785
97 10
315 191
724 81
248 138
589 877
366 734
498 895
831 816
908 63
638 266
875 948
822 733
92 442
22 894
851 63
157 626
196 392
803 160
698 854
746 58
374 875
305 304
950 160
521 832
872 620
279 796
431 885
306 858
310 178
65 765
266 60
971 753
746 545
287 528
472 664
696 679
863 581
481 847
483 137
291 878
746 400
638 563
640 446
237 138
934 304
20 464
522 958
542 309
191 297
877 954
215 695
844 5
757 740
393 371
433 654
713 954
308 378
601 246
99 87
279 273
545 849
294 290
145 163
330 865
518 620
616 346
744 687
799 801
624 837
53 603
596 8
917 628
117 264
227 328
378 996
752 25
993 257
169 455
387 408
545 556
250 282
268 397
218 828
202 409
160 834
442 488
545 532
785 142
753 530
862 396
520 973
705 471
896 652
510 42
476 78
101 540
837 67
733 18
901 806
188 937
82 100
780 229
103 318
969 164
720 750
846 418
386 388
673 696
409 83
130 249
487 483
487 556
936 586
23 718
797 535
409 718
488 623
871 131
335 761
270 568
487 786
733 982
1000 399
868 867
501 838
996 783
772 297
695 414
646 70
815 725
985 698
489 587
988 571
721 144
886 714
744 207
203 802
366 606
556 742
542 273
708 569
159 877
186 192
363 536
459 13
756 813
886 916
920 720
688 517
429 685
655 454
969 968
697 313
471 930
701 257
556 516
298 276
136 455
943 452
433 571
288 258
424 450
443 622
514 663
201 688
148 905
147 566
390 826
541 410
247 633
710 371
586 293
933 464
791 982
444 227
482 810
253 621
866 900
410 174
247 671
288 718
861 159
22 115
191 493
634 267
619 85
395 143
527 750
567 813
806 140
420 298
519 590
900 988
675 70
124 988
628 348
900 867
758 555
564 964
379 758
315 304
91 314
883 262
409 825
662 320
233 93
894 394
298 515
797 763
104 718
341 687
940 930
238 281
220 764
81 34
693 299
513 93
21 99
918 724
284 752
12 679
894 759
759 638
5 186
336 15
449 288
160 829
124 102
309 212
428 171
868 101
764 54
838 853
358 771
640 358
20 33
96 894
632 672
852 721
856 532
998 883
51 306
165 262
293 465
874 920
336 309
610 910
498 608
282 917
361 884
32 180
532 513
915 379
147 741
316 244
815 146
37 62
365 609
97 771
634 218
122 438
402 509
948 608
566 979
746 515
66 689
839 782
631 138
625 390
58 513
477 73
795 364
889 121
452 558
693 937
447 518
568 913
73 469
520 532
371 280
908 491
654 707
279 982
185 604
650 574
462 112
466 143
430 530
37 852
665 91
404 169
423 383
206 117
764 551
438 408
318 738
124 309
417 147
146 563
612 706
465 896
561 772
525 929
379 353
548 518
242 27
632 367
890 863
711 671
717 10
77 939
722 416
650 197
748 672
677 748
164 817
534 947
21 612
939 161
959 162
392 188
394 534
432 685
949 504
551 20
540 811
320 398
947 731
344 260
727 301
330 763
939 335
302 637
104 388
146 153
105 509
978 846
501 227
156 962
910 239
666 531
577 116
351 865
961 213
139 689
784 682
285 659
568 369
87 811
74 454
131 21
83 364
669 525
184 886
72 763
804 308
363 44
92 742
771 453
39 789
387 460
724 483
999 155
620 76
639 240
452 750
805 174
820 828
439 480
760 439
353 103
207 68
687 334
438 106
339 52
892 920
715 689
888 347
7 301
939 67
420 642
202 727
828 359
685 170
852 365
67 751
562 16
258 475
614 227
665 7
979 866
600 621
659 864
56 651
609 176
148 219
793 234
423 355
10 196
927 147
860 214
42 565
764 954
157 260
978 139
3 854
650 391
851 634
565 808
731 208
676 37
172 740
642 547
713 821
579 388
462 520
411 566
211 776
929 181
582 777
74 836
915 134
371 590
85 324
630 736
652 962
697 451
212 569
345 631
947 646
711 417
587 671
364 780
181 834
313 442
320 490
806 206
274 439
312 894
645 68
313 555
118 342
160 434
235 662
986 962
588 914
957 195
522 608
691 427
89 509
236 116
936 322
130 649
597 29
523 918
984 78
861 920
224 451
277 583
462 96
464 774
306 217
329 136
168 10
633 986
121 46
374 828
876 202
736 477
163 389
743 186
858 928
770 106
809 400
816 500
675 315
417 543
469 974
127 806
974 869
673 718
669 814
325 271
932 313
20 6
385 170
315 297
922 371
390 453
110 478
720 638
112 803
793 198
281 282
599 686
920 255
318 698
203 64
163 939
350 747
333 487
392 391
394 533
147 700
986 499
107 774
147 159
789 852
367 824
280 380
134 363
561 989
546 107
323 318
731 429
695 526
1 83
247 391
512 214
161 440
210 334
463 735
375 483
434 499
553 639
921 963
705 852
193 120
670 506
618 971
910 389
1 941
223 76
939 407
579 956
601 148
938 837
667 257
304 809
377 485
819 250
292 696
89 473
587 118
516 58
938 724
790 140
689 730
27 31
728 128
178 161
648 321
155 860
540 215
130 370
836 686
657 21
235 33
879 776
456 722
679 700
224 755
359 64
582 857
36 37
185 726
457 857
420 299
24 596
496 945
228 668
282 276
980 355
353 158
144 285
241 799
862 651
646 596
813 61
797 984
174 393
149 540
641 372
548 534
737 227
955 148
439 895
923 690
158 925
395 509
785 693
73 747
699 171
816 77
779 83
211 629
486 393
129 826
908 799
725 776
63 145
393 893
86 97
343 225
314 473
410 948
360 119
660 20
128 365
845 799
494 230
669 194
802 485
312 105
206 667
977 777
155 757
798 777
360 173
551 115
891 401
403 259
218 64
851 600
172 700
835 947
325 702
18 214
251 830
303 745
393 394
805 373
184 257
80 434
874 808
434 249
770 639
716 231
277 669
388 282
869 975
340 243
473 918
936 282
57 727
994 112
299 894
174 894
636 573
595 745
739 316
524 656
196 609
468 270
953 938
179 961
700 433
349 29
814 185
743 365
121 230
89 576
1 486
184 812
519 540
633 3
406 191
101 573
6 607
213 687
939 185
424 622
948 194
999 468
116 478
776 767
282 360
310 394
276 270
44 226
672 815
840 129
328 117
625 961
628 32
847 413
353 518
266 183
361 243
777 513
13 378
690 526
293 815
202 884
542 146
564 622
881 550
163 611
76 256
299 99
714 668
33 83
161 6
613 72
155 544
66 413
998 562
583 608
74 944
716 327
864 562
984 666
173 956
411 843
892 128
198 529
548 884
678 783
935 180
740 476
136 162
200 787
626 423
353 858
702 16
777 447
708 641
545 506
863 39
270 130
832 409
27 185
709 973
17 387
37 64
443 681
427 658
184 635
147 625
169 489
499 622
905 573
865 289
421 707
960 27
889 427
46 208
545 759
869 530
198 489
940 580
465 620
227 925
447 980
708 656
992 795
279 459
291 9
249 412
885 369
44 311
210 75
690 321
804 201
78 706
543 172
376 782
230 153
569 993
452 163
915 717
334 139
262 164
564 812
671 8
927 146
29 385
270 691
76 582
119 544
64 810
484 227
158 100
920 19
632 285
831 327
7 769
641 207
825 922
935 485
994 803
918 669
392 379
102 528
86 885
204 448
400 292
161 403
215 704
298 28
172 757
392 601
952 113
19 154
172 644
467 620
345 72
54 234
57 296
661 696
95 28
481 664
818 569
292 641
450 661
606 424
527 208
681 128
170 647
602 642
586 271
757 91
904 816
45 682
9 620
800 353
775 179
994 171
540 355
390 638
139 442
356 908
196 697
857 737
948 712
672 490
120 883
908 78
379 910
213 758
71 760
495 988
689 889
176 788
180 836
768 899
328 175
138 336
193 795
379 748
843 515
440 600
646 760
871 823
68 32
31 444
489 13
1 121
954 65
93 659
940 108
120 303
673 559
581 878
450 480
656 699
694 135
346 305
264 612
967 730
699 876
276 139
759 596
264 755
542 234
985 527
142 756
329 979
280 258
848 497
538 597
694 848
716 312
272 993
703 2
52 144
593 476
542 279
711 388
469 105
678 855
716 30
727 939
678 558
246 373
13 940
967 175
769 986
221 521
385 977
208 668
118 179
835 585
36 610
990 999
192 928
299 900
943 439
412 701
967 461
553 425
19 517
639 341
396 233
148 890
865 504
351 82
956 913
887 651
28 508
268 435
931 757
35 392
435 482
553 75
93 130
849 812
723 887
451 600
876 303
783 749
538 160
41 904
150 58
84 810
642 386
399 777
330 470
261 872
750 894
775 883
443 266
707 585
90 589
842 476
182 149
171 644
547 97
894 392
385 294
133 576
794 650
304 268
980 689
379 470
841 749
157 203
695 335
592 692
834 657
74 778
695 508
147 186
425 444
708 889
33 39
57 169
590 381
920 873
647 654
426 30
583 524
904 213
103 966
731 313
860 707
863 300
848 251
388 86
248 983
962 111
394 707
276 335
751 667
75 394
645 10
835 511
48 834
964 816
745 442
584 995
161 534
230 289
368 126
334 935
705 81
613 632
710 450
213 874
70 941
734 452
421 349
467 243
639 329
182 666
93 373
974 742
244 967
795 497
966 122
509 485
374 753
656 168
167 551
845 732
261 827
188 781
432 295
28 51
664 722
516 595
296 694
560 547
119 904
64 690
414 362
680 348
3 561
645 898
997 707
374 770
324 115
42 972
59 998
560 769
360 625
872 627
871 895
751 293
789 56
367 44
298 741
650 286
409 644
431 963
214 571
952 447
264 572
569 279
141 982
256 128
609 534
619 590
258 850
436 737
696 654
569 384
128 330
419 861
369 410
557 479
268 834
252 433
626 194
672 755
901 466
596 798
464 321
851 815
502 777
341 133
950 545
844 28
845 309
350 877
21 979
243 735
964 645
979 653
218 483
477 630
490 995
75 7
801 401
450 545
89 487
326 404
383 205
705 61
749 332
51 817
218 692
662 717
41 149
995 852
245 157
687 106
321 677
187 628
476 327
166 527
443 886
260 576
361 513
487 65
793 684
991 561
27 740
179 545
516 416
16 689
101 592
796 592
600 337
833 743
272 284
560 975
923 607
214 640
909 928
969 141
987 7
484 398
637 320
202 918
488 969
305 309
788 326
607 788
298 566
710 551
285 739
823 988
78 141
996 432
997 985
444 975
380 973
694 485
2 529
538 719
940 175
707 204
985 562
343 168
492 550
989 662
259 863
507 689
54 468
627 402
405 567
901 421
117 800
557 451
778 432
160 871
713 861
62 114
691 542
624 523
934 390
167 301
703 207
144 570
60 486
317 497
869 548
377 350
855 625
783 212
458 185
569 485
51 10
694 856
956 799
733 451
468 97
927 374
605 608
516 215
165 911
499 589
830 947
625 499
477 253
739 375
211 174
946 7
123 906
487 101
932 246
678 492
516 501
934 556
481 180
943 982
50 163
197 48
625 733
111 574
470 118
684 550
810 889
97 65
572 915
41 589
704 283
323 454
817 28
134 484
358 508
399 522
201 311
936 958
276 455
19 535
667 574
979 768
998 44
11 50
451 187
803 46
606 545
555 561
348 337
370 313
885 630
615 301
817 254
727 343
743 229
163 988
884 891
366 821
414 628
168 870
799 19
765 113
750 205
929 903
519 184
208 194
480 551
569 335
6 420
678 826
581 528
99 434
995 498
372 787
670 222
503 59
584 667
233 563
298 241
317 307
85 215
967 793
734 572
471 974
204 203
687 750
249 470
135 143
299 839
515 569
514 91
1000 649
564 10
178 893
582 316
630 287
577 129
744 654
66 902
430 351
810 72
681 227
311 424
658 740
49 633
446 965
13 30
306 104
538 399
654 345
714 204
187 324
316 416
874 502
378 729
487 393
218 910
365 670
352 500
903 411
453 154
914 668
664 759
666 13
695 9
158 190
77 495
386 500
480 391
372 157
393 560
980 476
103 351
270 846
533 844
727 394
328 110
638 35
200 149
642 852
577 874
722 6
500 744
671 195
200 228
328 825
148 12
702 687
404 502
523 72
781 458
926 23
90 799
417 101
751 230
73 971
898 748
167 945
447 129
715 99
769 377
682 970
169 533
169 31
526 152
657 760
142 932
234 737
932 866
76 252
904 431
975 780
964 941
180 34
75 316
263 215
705 667
43 794
41 269
521 59
575 456
636 234
434 356
901 630
826 702
847 968
773 981
723 726
388 373
83 631
377 278
359 674
143 567
747 599
95 228
575 686
868 420
265 599
137 671
296 123
335 314
835 834
505 43
13 2
162 860
622 638
476 380
378 650
235 15
54 577
130 401
677 165
957 348
652 302
429 227
898 106
2 87
210 978
821 266
124 908
430 823
583 407
452 939
624 332
384 411
999 423
931 95
175 173
421 865
645 596
107 644
295 429
423 376
885 445
10 303
104 670
324 387
826 77
384 40
955 291
153 285
154 590
414 148
197 556
738 768
333 476
943 141
104 956
746 375
191 872
437 423
389 491
247 299
621 538
217 748
199 452
1000 136
919 847
209 368
63 405
195 293
413 358
308 76
365 109
739 928
556 794
782 750
359 915
964 631
317 379
377 720
104 376
216 338
51 733
901 243
977 533
139 980
781 413
178 946
880 344
697 374
860 966
347 829
166 211
65 492
999 545
175 99
985 179
805 504
623 609
539 260
47 37
108 85
933 4
576 783
217 507
308 934
496 654
870 560
438 908
535 22
921 358
524 773
306 274
153 189
559 269
266 996
773 148
130 151
233 248
340 580
394 342
538 955
794 289
797 926
1000 97
686 867
897 40
590 847
632 65
131 844
797 527
125 28
133 80
367 67
850 923
262 53
674 429
290 418
789 972
847 71
100 477
542 140
194 94
425 356
916 449
574 573
918 659
893 25
824 975
744 70
656 910
289 235
254 685
574 652
9 244
137 15
946 783
450 94
695 596
256 395
510 138
739 988
248 929
269 427
639 895
269 395
17 690
159 779
535 912
83 977
377 748
96 936
523 685
781 385
639 605
584 941
514 796
786 25
518 608
904 980
453 271
213 176
274 340
791 857
886 217
120 552
282 891
106 519
434 14
473 972
121 66
307 341
24 861
131 899
196 465
781 69
813 308
121 439
390 527
672 540
323 568
286 588
474 948
76 928
662 955
975 32
136 841
736 318
149 973
444 543
581 74
413 968
714 365
20 862
367 385
774 451
374 843
12 458
909 596
822 479
230 979
152 253
135 396
817 253
693 418
361 201
345 716
20 956
298 698
65 733
82 277
825 843
384 911
9 310
119 439
599 905
233 784
807 252
776 996
495 368
977 145
544 540
651 848
891 439
285 242
159 322
87 330
157 359
692 307
285 867
234 797
398 386
703 157
597 73
88 678
839 333
548 910
293 313
991 150
778 695
360 986
658 417
56 435
100 900
374 47
982 302
195 936
368 84
296 241
169 5
424 116
825 744
725 120
231 451
325 906
843 197
791 893
683 540
558 600
460 659
942 763
736 670
746 193
328 384
661 60
98 374
596 233
154 4
447 921
781 105
934 585
888 295
61 467
598 698
395 131
987 557
783 796
552 30
326 921
850 838
292 793
171 984
318 793
654 747
270 988
20 643
756 149
404 802
139 23
250 766
715 856
613 413
672 885
656 266
494 108
343 412
544 53
241 638
206 908
723 290
798 176
567 493
475 957
189 871
465 135
905 639
237 923
591 392
641 196
958 901
775 305
134 187
973 994
194 846
46 791
566 222
237 812
989 733
406 859
65 987
543 698
782 486
531 802
219 350
226 718
150 928
912 971
930 412
473 479
385 785
373 574
9 925
137 208
86 157
517 61
494 438
588 421
83 905
853 245
377 676
194 306
782 179
568 123
455 441
739 242
305 528
322 494
207 473
709 615
196 846
198 244
771 348
895 726
633 693
64 200
503 755
382 992
390 949
174 104
303 712
124 787
54 582
584 324
277 493
562 429
64 472
84 985
700 27
221 64
460 996
466 105
602 781
804 65
864 316
421 927
261 842
325 307
440 931
125 599
920 838
922 263
465 432
284 876
712 847
811 517
6 801
418 89
969 110
701 644
565 100
668 680
946 104
67 51
858 330
34 920
141 980
350 678
905 150
831 189
427 171
925 168
504 126
945 554
199 455
471 290
356 226
979 965
582 944
566 341
894 614
94 570
518 456
787 61
234 853
53 319
551 16
19 131
293 352
777 83
726 30
289 409
27 269
308 389
302 385
468 873
570 592
915 298
867 37
687 790
579 633
148 990
478 209
88 43
649 980
62 611
155 143
911 636
236 306
623 838
618 158
408 545
782 715
14 625
254 346
697 817
240 644
629 438
442 320
870 896
434 732
680 28
429 754
956 185
796 594
605 222
418 808
326 993
607 624
934 736
633 141
901 915
509 90
29 541
872 962
620 524
219 173
440 558
871 925
611 472
272 587
312 488
43 264
280 70
190 457
985 903
983 148
52 490
34 77
384 932
39 220
87 48
641 204
993 721
333 336
890 895
637 318
194 182
216 610
68 643
402 843
4 683
521 263
812 258
650 229
584 768
247 447
415 32
299 366
503 198
255 305
677 541
859 342
787 53
277 911
4 969
505 886
835 449
364 927
907 415
795 895
703 350
118 170
527 172
986 974
92 817
143 695
614 906
339 664
207 401
525 639
876 32
252 778
239 800
574 299
524 708
620 29
380 952
10 721
944 558
359 169
112 490
791 284
427 521
745 534
216 112
326 973
646 620
297 729
708 317
763 826
486 135
510 265
187 230
336 732
634 581
448 714
978 584
550 847
858 351
362 659
898 407
650 468
559 868
104 870
690 981
195 49
77 13
819 762
983 41
308 231
159 573
591 627
205 169
249 39
258 805
104 4
198 690
894 559
471 746
114 101
367 949
631 392
388 238
981 681
263 670
530 435
380 288
310 735
337 531
985 351
532 276
251 826
441 525
226 781
248 813
579 126
799 994
142 703
986 819
952 255
312 798
333 952
394 780
35 734
198 382
754 390
520 82
994 505
84 369
856 458
196 875
970 382
956 829
758 497
445 288
875 311
692 999
568 301
498 241
718 867
710 7
947 339
541 518
651 663
277 456
996 976
5 985
354 848
448 874
822 636
36 33
865 223
616 887
11 741
782 562
362 51
783 799
509 288
951 393
421 536
813 424
281 47
689 555
141 491
583 426
453 297
286 437
6 939
64 728
449 846
951 175
2 770
889 924
289 854
110 510
770 287
457 520
542 811
838 219
50 649
20 81
901 584
489 264
642 628
99 27
132 538
119 410
917 975
494 234
367 571
797 393
68 731
164 794
570 773
272 960
95 802
392 909
209 411
165 558
454 583
75 318
38 134
789 598
294 28
351 453
143 495
928 166
568 141
198 440
398 14
511 643
450 821
481 596
833 255
991 171
861 649
478 107
265 306
578 173
111 360
123 264
940 833
951 952
97 917
133 453
378 950
605 565
424 50
297 196
257 630
231 888
540 311
231 196
287 310
2 162
847 270
886 288
746 671
304 120
975 354
269 888
456 126
880 841
366 708
629 66
794 41
425 586
922 149
651 497
743 79
11 926
107 745
269 602
295 478
7 490
689 23
504 299
31 480
498 180
237 715
127 587
3 579
479 658
794 378
558 670
229 765
876 722
860 541
171 370
487 960
632 261
261 269
101 78
484 90
160 624
488 29
710 437
290 271
863 990
609 555
629 728
545 259
621 536
402 592
536 122
384 743
973 155
828 637
480 848
7 575
655 883
803 548
268 693
630 665
132 284
833 441
579 205
138 909
531 942
523 803
952 89
403 291
65 192
800 925
543 959
179 328
677 457
364 948
825 318
60 477
813 202
647 909
320 306
193 36
657 917
70 738
566 743
181 523
421 28
95 181
687 785
174 700
670 577
602 315
485 901
37 76
757 989
482 141
620 724
728 205
670 720
469 497
952 917
619 869
452 580
696 410
165 889
406 125
384 974
926 868
231 232
490 418
552 185
923 960
588 559
300 935
546 843
582 21
386 152
81 528
580 638
656 38
605 221
935 972
528 699
278 773
814 955
652 50
453 881
121 593
12 288
343 470
146 878
328 917
292 560
370 272
200 175
730 884
916 237
224 821
150 557
669 499
221 442
159 433
714 167
458 782
816 920
525 960
360 36
12 661
108 834
589 141
954 890
59 594
66 330
622 303
829 864
823 620
238 52
459 313
136 424
25 727
195 259
204 83
172 753
274 609
284 475
947 653
530 479
604 748
327 407
165 328
536 884
612 39
792 990
998 828
360 992
624 669
790 708
757 671
740 323
27 232
564 49
308 759
695 997
934 103
221 365
584 830
454 56
683 562
264 786
50 493
287 488
865 464
98 307
183 824
24 863
421 739
499 767
310 548
305 906
396 39
749 591
406 954
562 114
671 660
174 148
399 881
715 592
989 17
442 212
885 160
957 755
64 334
466 46
604 328
182 274
534 103
443 725
194 676
654 700
324 39
395 468
185 776
96 189
684 470
109 406
245 980
780 961
112 951
77 187
975 614
890 958
111 335
923 447
17 848
882 298
954 943
289 274
116 982
372 632
693 322
324 763
169 574
594 265
8 764
731 352
234 840
303 412
677 687
164 886
237 104
521 179
744 912
152 601
230 834
963 627
326 567
432 428
91 604
75 115
80 459
139 798
35 705
986 931
109 848
695 969
374 974
982 671
127 316
239 982
368 165
44 800
395 598
18 691
183 751
305 805
552 226
491 190
457 98
371 484
687 671
616 745
581 377
583 287
72 903
288 708
631 563
211 804
554 690
370 743
900 986
923 619
706 793
728 705
177 77
206 240
903 186
906 746
825 538
897 997
647 177
565 282
392 763
29 762
842 555
201 417
993 973
300 435
181 336
826 39
20 82
96 456
445 731
676 549
915 999
509 724
149 419
712 273
575 134
989 399
483 374
607 864
531 804
678 661
733 541
632 567
426 26
835 378
922 594
468 625
341 237
259 694
407 470
100 836
636 118
288 70
567 443
761 675
759 120
160 384
161 697
790 652
114 763
23 279
439 543
283 74
148 926
576 806
26 267
66 536
32 936
640 855
132 653
999 877
670 919
902 409
841 279
568 697
893 41
480 233
389 378
944 536
871 439
747 109
418 659
275 774
404 994
652 184
432 475
213 682
576 482
885 152
79 209
392 953
193 854
177 105
909 952
997 719
634 523
271 869
860 89
715 838
220 440
849 456
206 127
318 533
466 792
372 616
694 208
879 348
301 318
519 479
43 302
280 108
462 276
45 340
402 579
292 755
198 985
534 619
946 919
105 283
954 308
751 116
683 508
167 39
686 769
506 721
752 729
753 368
754 11
496 682
521 378
647 750
796 292
63 487
622 114
128 363
165 339
517 142
96 784
649 30
647 639
119 12
32 8
490 860
307 190
274 77
347 641
792 562
132 51
869 524
622 844
970 469
398 714
717 584
97 583
333 895
299 402
853 120
87 180
880 426
183 561
222 73
231 261
861 910
992 579
130 302
259 110
667 125
136 739
669 519
191 839
261 813
731 882
645 558
350 316
500 329
448 839
447 834
705 573
527 526
107 25
144 45
805 168
571 906
754 768
131 825
600 166
339 58
158 514
486 959
452 891
842 175
749 519
968 281
880 965
115 848
117 130
499 433
337 318
64 658
466 218
712 798
819 610
287 984
698 849
680 316
220 493
917 433
59 937
747 23
310 26
538 809
461 934
202 359
634 926
450 409
547 61
168 654
454 822
976 488
635 724
769 388
534 171
938 501
702 618
797 302
15 273
333 334
595 519
636 361
733 749
9 150
668 428
172 611
257 526
860 528
259 660
881 432
703 203
338 877
156 30
584 577
200 842
386 535
313 557
575 269
43 756
543 803
181 622
661 820
791 741
761 452
759 209
317 126
853 28
377 467
575 378
948 256
821 574
553 432
239 957
296 167
93 387
763 259
231 297
623 759
936 471
442 512
796 867
641 934
537 629
439 429
117 51
887 595
856 189
508 880
642 264
311 151
774 789
22 110
287 158
552 37
439 115
334 351
851 115
762 410
581 166
374 940
31 133
162 724
828 257
558 110
119 844
603 515
822 291
883 307
400 509
63 901
214 531
272 538
173 371
595 852
872 591
414 64
640 605
223 720
336 508
389 270
998 258
102 727
629 750
579 473
60 834
8 781
926 217
103 840
643 965
42 452
833 503
152 555
687 517
17 659
548 905
204 199
995 212
897 932
891 7
181 721
680 681
619 625
526 223
964 872
17 445
576 940
169 10
333 159
705 72
1000 540
340 229
105 952
827 733
700 325
921 656
403 937
79 696
45 632
839 146
1 754
917 964
793 590
924 666
999 840
800 386
766 557
16 401
895 139
92 676
808 141
331 478
795 409
373 189
947 322
948 681
73 81
840 803
595 308
420 214
747 17
69 37
328 353
182 332
708 78
281 45
706 790
140 848
948 975
954 268
591 81
978 118
690 258
139 8
534 499
883 271
556 351
370 454
333 210
854 661
10 311
910 866
140 694
309 281
770 285
332 910
297 981
444 796
564 737
115 471
319 225
394 136
894 367
399 185
336 109
370 59
869 83
618 341
162 918
485 346
473 258
773 285
351 289
647 372
526 639
912 959
413 414
986 64
627 334
42 440
5 52
99 297
209 409
427 366
247 97
640 381
164 875
75 304
155 376
216 378
108 312
274 102
701 461
204 235
42 218
390 622
507 427
796 997
382 698
41 854
79 638
815 298
250 8
787 845
511 995
203 434
593 622
740 747
833 31
139 650
602 724
566 827
992 696
799 989
972 454
756 558
528 698
505 47
236 457
535 409
230 683
250 349
804 366
880 252
754 797
22 167
278 29
939 949
197 67
608 726
455 911
684 603
870 874
13 369
313 284
864 319
573 409
79 208
986 876
448 534
253 221
179 742
831 762
392 777
979 847
564 935
67 649
249 622
286 165
861 271
609 478
628 46
25 189
780 827
419 405
152 56
794 747
724 616
110 267
972 610
385 438
9 482
889 664
907 265
699 939
369 268
519 252
156 486
358 964
470 2
697 190
835 301
25 761
501 680
137 23
564 394
433 952
280 728
398 462
511 579
706 167
356 380
138 907
303 343
195 694
700 178
767 176
165 338
242 327
178 991
919 414
584 560
815 345
767 863
316 800
541 313
654 72
217 221
919 380
481 336
778 940
230 629
640 901
382 944
164 323
754 607
813 554
672 278
362 452
165 871
884 577
757 253
170 975
120 750
321 553
412 896
35 327
552 187
129 49
721 492
586 70
491 790
555 925
991 589
577 649
617 612
249 808
642 71
49 644
386 265
23 988
135 134
232 533
537 468
258 719
764 723
11 13
339 392
858 664
250 821
976 591
201 495
119 649
659 726
508 128
458 957
183 440
976 946
613 291
704 577
906 901
307 688
253 436
608 173
716 643
94 763
813 143
760 711
523 229
691 839
30 311
786 593
386 879
891 284
752 710
971 420
699 661
114 463
965 468
981 771
85 318
161 262
74 545
259 753
756 977
855 927
930 562
865 667
113 158
369 884
467 483
674 591
749 9
1 971
274 449
919 275
942 624
563 381
781 270
602 285
240 118
23 463
965 410
230 529
247 621
567 690
148 876
535 534
459 677
117 385
444 215
448 146
250 290
785 245
531 505
643 211
112 271
222 836
601 385
452 713
734 163
515 768
893 514
550 529
24 639
903 451
690 396
242 569
127 815
860 314
676 990
241 709
774 455
98 914
836 132
103 391
163 882
752 94
563 107
817 241
232 303
431 902
198 919
788 69
739 689
441 86
835 98
893 168
52 376
569 338
971 610
699 979
186 642
716 310
219 374
38 782
646 201
642 382
206 624
725 704
270 205
204 113
80 175
298 250
9 366
657 561
235 589
588 207
381 839
670 85
386 585
920 561
481 589
333 548
407 317
526 813
29 491
592 153
757 625
631 88
429 566
412 260
711 160
127 425
751 611
973 741
667 262
761 487
248 526
209 888
480 224
605 558
400 226
934 867
24 782
687 41
766 594
296 930
758 150
463 62
46 18
126 348
511 258
280 598
964 575
89 926
361 463
686 77
724 768
248 57
604 302
487 362
793 846
475 354
383 597
538 76
166 901
172 450
10 421
48 240
326 836
474 694
1 46
917 488
42 978
966 623
708 50
382 49
349 920
902 406
704 649
724 708
484 161
584 79
877 566
935 474
646 907
775 301
837 223
566 210
366 52
593 16
117 882
333 277
618 741
252 427
222 974
845 442
132 165
484 790
602 145
151 907
620 949
282 763
345 925
216 379
181 643
350 778
367 627
178 907
786 202
588 66
244 68
97 569
655 11
338 875
65 27
728 325
984 239
602 290
415 603
778 905
947 18
985 203
325 874
972 455
166 394
136 106
728 99
13 61
472 403
749 755
606 132
809 166
774 944
135 622
636 683
527 564
201 950
121 239
24 520
278 909
780 71
777 992
213 680
733 33
606 817
257 134
735 599
331 789
480 457
281 8
154 774
173 106
269 333
729 650
931 66
976 681
224 974
560 936
615 146
449 815
841 849
127 627
811 633
517 423
51 956
418 85
312 464
261 854
92 781
745 158
104 786
341 587
897 225
366 834
391 763
968 12
941 553
670 121
394 316
587 909
583 938
100 4
12 978
864 713
294 172
730 724
267 740
754 152
413 787
539 588
155 327
906 437
670 426
344 268
949 827
420 609
902 585
869 522
375 337
228 184
861 746
516 78
496 86
424 499
957 183
598 203
606 326
308 653
767 533
847 600
31 623
109 981
456 563
844 734
312 567
190 511
689 539
961 862
763 470
982 564
895 253
534 835
183 721
248 292
943 843
856 163
958 570
936 27
123 853
343 540
684 568
576 81
560 630
923 420
176 879
128 962
705 169
917 334
517 542
258 349
645 863
408 370
742 477
245 731
547 193
306 625
35 555
76 671
519 287
331 910
79 292
154 909
174 456
927 10
788 332
849 298
688 196
615 263
909 700
590 963
547 908
898 574
538 713
647 409
369 262
698 403
209 198
439 746
800 623
157 62
734 808
932 848
688 308
564 367
251 956
859 317
448 813
817 737
269 390
877 945
164 684
240 314
919 588
242 360
189 367
83 980
764 485
51 370
490 958
696 125
573 168
588 59
706 426
123 324
515 592
174 735
925 637
213 187
86 443
827 691
844 371
717 763
120 557
620 394
99 762
495 662
539 148
772 755
944 964
454 473
473 459
118 874
771 182
706 897
134 256
909 796
461 661
709 127
35 64
76 896
2 907
757 355
98 544
263 48
28 859
271 549
201 313
849 389
991 838
689 92
116 385
729 883
567 23
879 289
898 480
50 886
812 158
228 853
417 226
941 966
879 406
204 124
55 336
426 368
878 62
231 976
314 461
298 822
708 253
711 718
873 843
18 456
220 934
574 685
422 430
812 738
206 625
284 395
602 186
226 662
877 917
627 658
375 360
146 70
900 99
780 193
783 310
915 358
766 430
762 905
123 721
144 826
732 609
455 758
689 722
112 65
72 684
143 949
631 750
174 981
529 58
676 319
131 469
566 545
663 19
595 329
978 707
151 511
154 1
265 872
11 793
310 311
112 522
11 886
361 509
824 899
111 713
277 39
116 113
708 285
803 99
382 276
20 895
150 398
479 685
431 839
840 252
219 233
111 943
42 610
6 201
739 911
2 544
133 730
285 399
752 978
366 74
63 969
108 901
494 238
740 194
685 575
707 27
1000 47
104 100
713 654
473 433
38 811
906 271
119 620
252 283
623 260
863 277
664 373
828 542
291 616
726 247
673 505
910 510
807 850
442 898
60 565
605 731
809 890
141 822
922 571
654 114
733 956
587 445
715 64
576 906
584 889
640 955
209 955
221 264
352 729
524 569
761 819
58 935
447 811
338 621
287 306
509 510
787 666
594 580
222 797
50 146
982 779
310 352
202 297
682 612
979 115
877 42
782 530
197 210
880 988
590 603
638 359
909 949
215 402
586 917
825 571
111 850
920 353
189 932
326 72
367 53
884 193
299 189
998 377
485 154
620 715
938 432
732 397
806 652
664 149
827 355
152 425
885 729
707 217
966 874
200 405
254 552
133 847
10 793
462 565
525 809
103 829
237 779
864 603
787 431
825 96
207 836
707 388
303 337
934 413
113 103
241 42
593 285
446 331
854 68
53 427
95 32
21 845
899 433
358 950
386 4
722 989
801 426
749 436
640 1000
74 380
458 31
916 436
279 31
429 910
990 343
468 84
911 714
669 516
619 857
891 668
285 684
343 825
651 592
273 307
365 717
629 256
409 128
653 16
789 717
961 627
348 768
663 91
831 981
140 52
453 203
681 360
495 960
780 100
943 936
784 111
508 589
842 317
59 61
687 439
344 454
914 587
839 664
989 299
257 18
116 169
962 857
120 172
918 3
154 573
711 967
340 800
380 853
487 915
614 434
150 545
65 715
742 143
263 258
910 971
219 78
402 674
125 538
355 670
281 551
466 541
419 657
654 569
371 680
321 387
34 808
308 191
147 251
664 399
630 846
960 870
959 755
609 18
342 224
165 372
757 746
247 235
501 428
563 417
359 514
285 955
969 986
229 279
751 728
331 37
939 418
724 226
501 349
799 922
717 617
546 549
230 900
954 293
114 913
832 364
939 576
856 98
645 122
478 321
151 101
634 27
796 894
877 389
861 768
629 484
294 631
13 469
738 188
723 208
795 303
524 807
528 418
654 614
514 205
168 273
956 346
153 99
671 801
980 760
434 588
590 659
383 691
3 481
393 541
250 740
991 833
758 628
906 837
524 148
449 790
174 485
234 304
163 884
168 734
876 790
436 699
990 773
651 104
839 110
822 243
772 972
49 948
993 647
214 355
108 930
643 953
973 206
519 198
427 246
803 531
908 520
133 40
182 840
674 796
87 305
95 858
242 314
5 110
961 228
292 610
34 558
847 844
574 908
939 369
303 254
643 629
274 400
161 514
1 981
368 74
115 484
83 721
781 304
947 56
640 976
511 89
524 534
687 954
666 824
249 170
66 560
843 328
974 658
222 151
776 287
135 516
945 440
953 917
454 314
322 588
830 545
390 594
780 462
28 470
286 515
320 27
883 581
416 521
68 498
44 465
173 243
124 871
451 465
782 567
641 673
510 76
872 865
49 62
927 431
733 76
663 353
29 581
157 560
339 469
927 60
569 944
966 722
223 787
295 390
638 830
650 659
137 572
819 972
824 738
8 815
138 94
676 722
223 561
573 822
817 364
855 428
54 373
422 745
357 268
450 254
432 605
757 713
237 806
219 295
683 404
385 585
80 111
423 145
781 831
85 402
198 659
859 247
237 183
254 751
247 298
129 588
574 846
99 298
924 777
319 849
587 705
906 415
764 447
857 331
216 381
169 841
367 682
652 786
49 803
618 788
622 948
421 99
65 25
87 680
435 187
535 692
189 120
778 951
283 511
235 998
92 613
147 604
763 460
891 755
875 278
326 795
114 808
813 596
435 454
588 512
106 867
519 902
780 498
49 376
432 320
552 81
310 353
537 675
993 33
408 489
780 65
151 762
656 63
984 732
287 83
571 332
864 306
499 473
942 213
429 510
859 585
966 687
714 348
223 998
391 189
222 719
723 486
427 741
671 910
603 588
805 756
55 501
600 522
506 793
927 161
965 510
775 109
870 437
788 392
992 291
777 921
171 390
778 162
230 414
712 162
289 87
721 52
410 364
46 821
341 939
379 232
219 259
995 418
498 246
959 71
985 760
342 79
46 493
997 353
708 980
158 461
215 676
56 19
536 797
366 304
995 128
523 553
969 829
846 745
263 899
857 635
416 794
643 589
633 29
682 493
460 499
759 201
706 503
545 819
69 533
307 416
2 462
579 524
249 241
420 208
916 829
648 435
985 507
924 320
819 426
697 970
239 891
991 680
403 851
1000 366
586 498
783 700
365 861
867 487
335 5
339 62
325 511
953 830
534 237
115 935
222 905
776 565
447 556
982 487
244 112
943 536
48 171
150 452
906 686
229 373
492 23
422 392
760 125
686 357
926 436
452 315
676 805
557 136
959 308
18 933
149 374
634 892
727 169
413 33
732 257
716 702
147 141
989 750
793 387
744 335
447 198
54 42
916 447
464 406
212 988
536 639
985 724
858 74
36 535
814 687
60 664
756 941
446 405
216 390
461 108
790 878
42 14
812 542
635 133
908 733
30 615
682 62
294 936
743 667
980 696
502 15
626 339
451 32
887 408
100 638
691 437
175 12
765 892
569 502
972 442
353 334
705 17
541 395
912 469
754 638
828 217
459 678
425 858
679 580
796 895
840 695
141 142
839 827
666 287
463 39
823 455
849 840
758 824
672 531
250 515
748 262
805 985
185 704
16 695
27 585
211 404
396 258
875 281
886 109
702 974
426 717
372 129
687 116
34 278
141 594
236 976
993 843
791 504
704 386
941 427
319 491
525 684
358 327
766 64
147 425
221 423
46 544
712 28
729 994
272 685
609 372
501 986
655 611
432 803
108 780
424 851
78 352
263 502
581 631
493 215
375 215
30 278
553 980
545 40
360 946
143 499
612 192
579 793
84 409
66 252
711 268
126 820
566 561
861 703
661 739
297 48
892 423
855 557
491 262
53 917
237 278
352 576
799 782
122 54
179 165
934 791
666 593
122 409
14 273
625 262
678 264
37 144
957 479
981 457
430 65
273 506
311 326
847 304
186 621
211 82
405 359
785 359
37 498
330 332
602 970
368 681
944 704
932 97
789 472
816 349
499 508
392 898
706 786
590 748
556 452
372 229
449 832
391 93
551 707
920 263
975 291
985 807
450 477
902 405
523 64
285 397
986 298
328 688
974 267
57 803
754 971
731 18
56 794
879 138
994 992
509 233
801 64
336 908
198 656
15 506
657 569
881 274
96 666
806 290
682 212
866 578
604 721
341 91
544 396
504 697
322 374
307 214
571 933
473 194
915 279
26 626
905 301
563 265
946 387
341 443
783 276
240 34
791 809
540 111
407 293
429 936
196 949
304 970
94 44
705 217
925 980
861 982
865 275
250 345
783 603
382 890
81 669
512 881
953 801
435 630
185 655
25 502
153 169
415 949
384 403
993 145
11 916
383 586
901 867
439 804
991 779
653 430
451 234
604 444
951 137
590 891
196 190
90 985
642 816
426 423
485 152
439 635
579 260
360 462
198 978
453 843
621 5
119 372
447 173
696 663
803 605
368 632
186 697
522 63
794 824
483 153
892 43
696 774
643 769
751 992
647 741
856 588
566 479
588 131
950 574
555 74
167 256
468 769
552 643
144 727
40 520
669 847
763 28
229 680
431 108
659 760
458 138
69 532
964 940
625 236
678 118
537 834
511 899
923 125
2 382
460 722
652 484
688 949
306 40
715 332
457 428
629 270
12 517
683 746
267 126
135 591
541 712
600 60
429 174
250 698
703 114
516 282
905 773
913 754
675 920
793 804
637 629
818 177
547 373
589 754
756 165
594 840
520 571
315 425
282 338
226 155
63 620
764 751
909 552
414 478
509 964
276 411
703 604
872 600
580 169
105 79
806 863
608 50
257 586
8 1000
869 181
375 940
195 90
108 809
163 952
95 573
544 921
63 216
402 819
572 202
206 745
417 873
290 668
995 449
906 370
781 55
18 370
165 481
123 873
617 480
624 516
252 349
750 196
600 3
481 549
613 884
544 325
28 46
356 483
565 241
937 378
294 937
26 571
320 276
946 504
696 239
143 700
237 305
445 420
765 891
622 732
222 46
297 245
501 125
359 371
16 283
348 704
629 369
634 25
482 794
853 377
175 365
514 425
112 259
118 873
637 823
528 277
340 275
58 716
554 585
442 367
433 32
400 823
671 534
849 728
461 391
922 164
63 674
245 267
616 913
664 531
3 483
851 231
542 935
934 643
16 901
533 160
516 818
21 124
258 606
280 58
822 70
336 497
997 996
584 87
16 157
362 557
627 91
217 643
489 678
976 645
609 597
834 818
926 194
713 663
919 221
843 689
420 710
170 45
372 907
946 698
469 127
398 53
592 14
991 158
541 219
565 213
622 926
92 893
277 797
683 886
351 140
74 291
256 828
941 796
832 475
632 989
233 797
625 180
438 691
365 625
312 515
829 34
334 960
852 562
136 721
155 223
37 159
39 833
580 783
931 767
748 899
442 400
280 555
979 235
174 75
72 909
990 297
258 510
889 218
118 740
602 817
839 572
561 328
671 775
14 44
608 813
742 408
873 351
232 593
843 948
181 440
845 993
413 853
785 674
680 392
954 107
607 855
77 200
205 403
298 759
805 266
137 691
154 627
110 464
993 560
613 359
650 499
501 957
546 160
488 40
180 358
841 612
864 963
24 138
156 415
375 773
233 756
553 789
60 867
81 312
360 241
973 321
940 398
502 827
48 542
13 740
643 693
493 988
973 466
591 807
748 598
621 480
568 148
187 569
168 661
815 320
618 786
71 80
661 774
701 313
403 746
924 680
8 218
625 199
933 134
460 600
833 18
729 161
329 275
523 971
502 278
268 506
732 695
183 713
346 383
876 246
490 329
73 231
62 681
391 269
416 846
76 913
628 742
232 687
528 492
625 243
231 931
292 805
718 775
386 318
372 75
580 400
140 881
732 251
427 743
64 571
660 164
249 625
33 556
111 863
781 175
975 262
561 854
241 530
771 591
924 683
525 580
394 198
305 481
513 4
219 103
902 118
200 408
439 747
854 726
860 454
911 381
54 454
868 958
246 638
107 73
604 912
271 67
75 322
282 680
264 915
69 864
446 868
255 995
180 15
643 657
954 562
208 816
463 664
325 647
518 738
886 808
725 486
181 532
631 666
111 278
711 100
951 917
112 58
717 723
444 89
709 579
567 677
472 402
936 481
934 860
776 330
615 665
658 786
291 839
149 621
631 723
407 805
321 556
987 847
73 131
535 41
888 760
886 263
227 902
836 632
653 158
359 189
715 685
490 463
918 2
810 651
843 759
361 297
604 355
310 498
917 330
280 769
300 188
140 789
108 597
504 334
712 915
488 735
365 66
646 666
37 421
871 917
717 367
419 436
628 190
870 343
102 813
802 239
400 789
4 637
68 868
234 524
417 36
474 63
877 651
38 999
590 272
906 371
949 447
55 780
630 764
460 220
243 532
674 870
471 570
109 67
91 984
330 688
57 856
450 829
152 580
28 47
604 292
963 703
824 838
146 241
94 203
848 987
252 915
764 645
905 501
164 536
93 258
59 414
921 559
909 962
226 165
154 390
338 427
896 891
543 219
973 943
62 662
46 251
636 751
819 313
182 459
187 419
729 548
919 439
981 79
277 104
862 95
432 409
984 662
841 51
219 995
315 436
780 154
984 517
805 569
607 749
558 483
954 84
3 640
465 1
826 10
148 114
96 291
890 953
746 100
154 655
928 726
391 686
643 401
968 247
822 246
128 494
33 759
494 103
65 581
194 867
926 176
837 539
935 386
404 314
336 16
212 899
547 650
52 244
291 299
32 233
542 499
893 389
952 425
242 313
886 630
333 590
942 836
133 692
787 89
494 419
460 343
725 301
84 411
194 295
285 924
913 339
38 124
294 970
687 865
263 965
735 21
387 197
83 722
744 760
623 672
58 796
23 494
723 524
602 621
696 490
350 367
535 275
641 900
465 154
255 214
795 415
64 387
266 477
988 356
775 154
596 97
616 895
653 166
582 84
782 570
111 612
19 970
519 701
135 180
339 361
512 949
235 456
742 409
487 758
579 666
21 46
318 608
693 540
414 23
290 1
275 687
775 10
286 109
567 484
788 503
578 991
906 70
428 262
637 96
251 685
821 361
6 495
100 414
851 574
232 46
851 705
952 359
789 892
829 959
846 839
958 797
794 802
778 495
542 92
588 266
994 593
591 689
939 176
171 202
144 203
475 624
406 946
835 496
195 593
363 499
15 154
398 22
437 564
883 678
207 642
902 614
374 145
915 281
531 233
515 684
207 416
248 559
395 538
639 493
904 604
183 603
17 189
112 253
679 711
149 584
139 15
467 109
288 648
880 242
97 248
206 394
886 312
39 376
232 769
748 313
306 356
490 473
474 962
311 213
583 31
742 347
796 583
898 19
511 434
115 893
85 356
158 715
737 763
604 271
258 741
560 941
631 408
837 415
140 705
141 664
715 895
384 179
516 868
258 660
133 536
256 125
917 120
439 964
133 681
375 970
432 798
767 560
806 640
794 612
405 467
200 409
533 441
593 230
115 294
959 499
599 72
871 679
323 341
806 610
647 342
386 298
675 536
322 7
711 547
971 313
747 930
91 846
422 490
887 226
962 215
946 752
195 700
74 567
113 27
469 54
550 927
57 940
421 179
557 775
706 67
213 49
976 732
432 330
436 464
949 359
903 896
332 206
90 476
268 697
911 673
145 66
734 284
517 314
60 315
316 173
942 713
445 271
672 445
744 978
967 398
914 278
365 568
147 637
991 260
649 963
120 645
905 553
107 129
895 248
352 360
667 227
835 953
287 274
533 726
182 492
535 40
39 766
615 894
118 690
67 956
709 501
358 237
782 579
770 155
24 617
206 273
867 633
139 360
840 459
490 76
842 313
555 800
149 959
119 865
980 431
791 465
232 426
950 178
550 856
591 132
828 602
903 8
742 48
488 835
125 18
560 783
608 52
76 634
538 675
124 366
987 40
591 474
469 702
580 73
485 267
859 712
271 896
535 661
906 225
180 462
109 288
73 794
177 820
294 205
556 752
351 500
423 811
711 404
658 288
553 526
212 701
341 31
610 984
919 440
759 57
753 960
757 520
79 572
62 298
140 400
914 235
239 954
9 527
504 977
962 635
433 491
35 523
611 96
420 247
484 235
779 952
874 630
321 670
784 786
18 726
593 842
264 533
801 773
767 86
554 567
741 887
154 89
67 104
183 689
205 570
222 616
885 168
758 942
876 477
988 167
538 114
905 167
927 68
876 620
971 988
97 371
745 892
63 898
754 616
194 559
67 327
448 707
638 50
107 582
859 59
182 52
664 819
629 981
478 931
68 955
324 461
755 99
556 144
190 402
637 91
695 383
953 132
350 724
811 866
92 717
671 509
806 603
256 323
150 803
299 423
356 220
211 819
512 52
938 242
891 639
80 22
81 355
593 868
446 37
782 387
915 30
590 412
189 285
706 233
47 931
213 407
420 599
514 834
42 225
777 402
887 91
669 900
47 784
527 26
952 736
865 697
761 632
985 64
948 380
860 896
75 248
540 6
13 130
536 741
409 429
709 538
302 160
287 227
35 551
151 779
575 219
359 769
715 278
554 920
540 347
391 299
16 39
839 937
552 121
365 802
168 354
701 840
353 954
454 543
980 257
358 181
13 326
861 2
978 478
637 571
270 938
452 969
126 32
576 269
44 243
138 376
989 367
278 692
102 904
177 295
762 362
880 738
862 918
149 201
647 62
85 715
929 445
38 755
275 287
333 45
831 306
263 326
267 899
896 81
290 480
632 604
419 732
59 549
872 432
237 54
768 27
200 461
760 517
564 445
990 627
459 249
596 782
78 541
975 785
998 658
639 936
489 930
436 223
735 278
792 431
985 425
778 718
82 819
377 705
743 198
341 102
306 426
697 502
882 778
631 133
908 736
536 547
192 873
984 245
527 239
624 812
239 909
592 266
78 985
49 513
305 671
454 120
244 932
383 631
469 206
374 143
455 614
295 909
611 720
401 166
787 673
512 884
331 698
6 610
616 860
714 457
805 926
20 570
737 56
934 754
738 467
905 968
763 780
358 32
395 54
966 675
384 261
563 462
367 338
520 657
851 161
926 717
250 792
699 85
148 213
941 496
936 609
730 581
231 528
935 662
132 705
608 152
242 954
557 305
396 777
290 260
864 993
794 916
462 574
1000 225
113 824
60 769
632 492
742 593
602 204
755 486
672 86
118 442
320 621
392 170
839 382
273 857
660 787
311 801
256 553
901 87
960 573
427 928
785 871
223 122
777 426
691 300
48 794
269 382
130 516
238 605
888 830
479 285
190 704
639 563
198 191
400 258
901 621
296 179
135 682
796 224
781 372
641 801
568 383
143 635
899 249
682 267
131 3
994 41
923 239
687 126
51 93
109 562
559 48
66 883
276 109
175 315
830 765
889 39
842 215
22 878
205 533
172 354
200 336
637 626
755 763
572 899
81 920
957 599
529 944
215 54
951 121
497 680
884 12
611 716
975 375
283 825
932 666
864 48
793 244
595 832
870 583
987 962
896 251
436 684
475 78
96 281
966 879
480 696
689 276
817 351
195 95
932 632
850 801
789 814
82 649
916 468
264 851
318 490
472 534
125 996
74 886
823 615
459 304
920 830
302 862
240 417
954 613
298 1
407 417
792 973
502 865
160 226
471 574
40 600
402 99
811 453
795 984
306 132
506 479
513 595
757 614
815 378
249 439
181 630
844 282
183 533
784 629
251 510
606 292
787 906
546 789
723 520
580 903
905 507
304 650
502 301
771 414
361 713
645 505
178 62
107 108
491 205
574 416
23 170
942 452
727 950
583 306
578 620
625 632
202 283
993 508
600 138
840 409
303 635
254 463
149 865
645 812
405 471
801 331
144 303
813 265
275 951
675 341
794 409
634 728
28 849
267 43
505 548
301 798
611 744
831 571
542 938
376 823
233 82
340 978
471 184
662 259
850 995
210 322
924 556
567 386
950 14
661 73
223 728
634 813
871 520
219 417
592 709
95 530
665 319
116 991
281 518
545 337
674 55
379 295
659 473
789 870
26 934
11 490
160 800
881 362
644 376
294 159
392 147
764 33
755 512
364 727
483 85
826 588
448 518
468 725
855 971
553 617
368 353
111 692
938 21
108 355
402 214
886 790
208 649
302 455
982 293
810 378
79 531
533 845
506 213
798 444
493 569
123 580
490 705
8 68
784 895
288 622
329 86
79 934
294 464
516 477
885 26
903 399
567 802
384 395
183 53
793 993
413 560
794 509
465 321
288 233
190 794
629 775
78 55
504 359
366 882
920 186
495 74
754 372
832 582
158 30
324 290
436 868
777 608
333 225
213 134
868 822
392 337
11 441
802 388
786 513
524 334
18 407
810 143
418 413
846 837
631 497
647 364
941 591
639 986
12 805
56 141
845 435
557 639
636 24
907 592
96 353
416 653
510 969
385 878
795 531
942 870
916 593
938 9
843 956
385 360
886 882
62 272
155 414
653 691
467 416
13 852
711 125
203 426
114 579
62 483
726 858
469 483
252 981
810 286
256 906
421 320
704 896
5 513
979 426
373 71
299 876
563 43
784 716
865 279
44 652
822 864
999 868
50 61
527 573
269 32
326 214
334 765
151 281
603 559
176 747
174 106
153 532
787 991
804 485
880 835
538 137
666 450
463 392
698 979
701 732
98 627
11 300
469 904
148 359
97 329
121 579
287 892
206 183
538 554
444 841
711 985
747 416
237 594
552 658
293 832
354 878
585 302
768 986
128 57
129 784
993 593
261 371
162 137
689 376
637 2
558 996
73 926
39 130
635 545
588 373
512 78
659 273
402 858
310 627
902 151
523 334
358 847
40 750
936 87
243 573
906 301
90 392
454 921
181 895
536 866
645 625
545 212
543 929
160 54
694 567
517 6
482 417
959 945
88 792
821 944
329 466
121 199
921 822
921 392
174 714
670 591
472 486
273 11
166 350
373 938
283 478
545 935
365 566
496 299
204 628
80 682
815 52
49 701
486 842
197 269
605 384
472 260
435 440
165 879
974 719
672 669
966 392
287 284
235 231
796 566
528 444
914 623
491 782
188 806
172 355
525 417
966 381
533 950
456 502
280 772
466 211
340 584
180 997
413 690
70 465
573 550
442 24
45 141
319 498
908 269
214 524
768 664
683 115
699 112
14 979
981 863
758 669
306 842
698 184
717 364
510 506
573 776
707 751
116 853
124 360
463 365
590 117
294 406
646 955
149 369
100 449
7 887
101 104
263 393
447 124
485 265
986 494
838 925
776 734
312 209
798 436
595 526
778 466
707 72
135 837
894 574
199 412
733 740
65 920
427 273
621 643
89 42
936 831
527 403
530 469
986 179
518 306
591 792
705 857
43 862
835 458
583 856
850 221
217 103
75 65
703 323
29 432
669 941
424 686
701 382
740 708
389 536
799 785
175 11
855 757
844 362
312 619
5 712
465 783
173 598
264 462
785 92
514 562
663 151
434 564
631 771
804 351
629 494
574 417
465 553
912 232
666 853
273 418
737 901
791 160
760 482
245 358
589 539
358 143
714 447
883 540
754 940
921 255
261 870
654 887
119 982
33 911
681 735
974 884
496 787
45 96
339 319
436 611
842 426
468 591
336 727
281 378
300 50
766 463
158 912
914 990
169 193
657 721
176 24
772 827
702 700
629 580
357 385
290 474
935 302
738 988
668 747
389 390
873 163
696 740
588 402
110 186
885 780
270 63
854 309
731 442
808 909
879 226
901 396
440 459
142 992
273 663
20 388
60 697
756 910
523 487
706 318
29 370
514 978
604 714
735 368
661 637
921 972
77 582
498 541
122 41
673 327
69 694
554 66
368 497
386 752
43 715
428 903
503 477
711 152
878 763
56 302
573 777
208 537
743 523
925 602
307 415
577 13
455 753
711 14
302 166
896 939
969 683
400 218
59 447
259 145
810 129
961 799
357 702
361 571
879 793
202 429
330 230
405 264
297 503
151 500
417 746
59 157
406 162
796 638
525 408
196 274
62 915
968 346
34 124
120 473
53 693
673 763
283 883
879 733
807 283
208 494
229 392
33 757
897 108
9 621
131 84
441 152
410 741
394 46
916 175
555 409
298 642
300 308
393 878
945 681
765 40
858 378
53 540
823 648
403 197
370 48
33 64
294 297
646 18
172 909
369 910
826 83
251 125
678 786
95 932
902 970
320 434
964 663
821 810
109 8
402 168
666 877
173 875
520 361
221 639
334 774
689 947
563 268
670 592
141 233
962 371
588 969
486 732
899 159
701 23
114 979
540 155
135 721
47 389
875 268
514 506
736 694
37 191
476 369
373 247
600 37
943 191
925 832
586 472
658 957
738 143
352 318
560 755
785 326
694 799
171 931
353 964
300 837
547 407
760 137
978 448
710 779
452 47
605 127
991 886
776 893
727 460
470 607
953 631
774 391
23 657
485 50
790 105
50 721
234 370
876 709
521 676
849 343
164 864
983 132
141 887
56 989
458 785
384 980
601 960
81 126
634 866
708 173
786 723
272 889
659 229
243 286
727 112
432 639
182 292
803 576
347 332
845 453
773 376
801 103
358 844
55 804
494 380
385 728
134 445
908 505
468 671
179 292
713 828
626 71
667 936
754 182
95 920
635 255
929 884
610 563
203 107
41 340
740 338
920 732
128 907
981 72
69 654
416 784
577 171
857 75
343 196
2 456
274 357
791 953
407 944
265 975
666 261
403 857
762 170
746 599
178 491
202 485
538 379
353 119
335 3
84 769
72 969
220 193
274 809
519 625
442 199
336 974
11 29
46 693
505 669
989 179
591 99
797 992
118 595
802 918
107 718
382 452
129 32
559 630
769 240
182 47
441 359
885 612
907 78
214 636
131 378
589 416
458 930
24 416
850 908
778 241
360 384
821 317
492 645
78 270
650 439
743 713
323 165
440 391
556 973
264 853
377 812
30 316
211 90
223 277
229 500
226 650
686 922
359 938
734 562
990 728
792 489
133 223
159 911
308 331
991 54
811 340
778 535
377 360
602 371
105 825
400 465
554 254
94 207
728 261
503 617
752 187
425 819
415 680
363 107
75 831
538 445
995 894
943 134
300 983
676 259
202 400
961 931
139 427
58 713
370 871
741 884
310 853
728 833
547 391
344 586
862 268
689 874
585 169
306 442
451 784
757 363
116 101
337 272
101 503
854 799
33 639
630 947
662 150
757 284
193 901
129 189
917 76
797 742
210 320
30 239
927 871
50 665
551 571
823 822
759 948
461 209
505 278
228 812
779 180
798 208
581 736
712 145
15 718
142 759
219 464
869 438
821 51
380 197
203 836
275 83
42 458
398 399
792 342
726 227
892 223
32 76
529 14
706 23
122 862
299 318
13 989
341 48
89 15
127 451
648 132
842 95
728 370
907 869
123 376
86 364
235 866
865 559
916 925
517 991
5 666
869 987
286 680
222 15
602 617
862 63
511 215
95 404
944 515
374 373
430 75
911 140
897 566
936 76
704 56
776 405
747 122
340 316
532 946
383 382
956 134
633 119
173 236
581 255
563 796
268 128
804 82
589 804
558 33
318 778
779 276
288 957
609 95
167 611
157 521
604 470
822 261
381 107
313 322
332 561
11 790
922 423
45 212
854 462
11 76
261 796
323 974
31 385
328 984
236 833
720 586
516 787
486 116
558 370
527 710
85 712
233 989
196 215
345 571
650 902
103 640
778 24
726 434
375 768
357 309
506 593
534 565
481 789
595 713
673 151
912 937
640 472
894 631
424 595
575 24
872 81
601 949
76 646
655 144
693 77
172 693
293 383
722 719
967 243
947 713
666 874
518 763
761 680
687 656
764 293
477 527
327 225
772 114
467 610
977 692
771 314
333 801
239 277
791 916
888 515
575 557
27 971
874 570
502 363
311 307
739 300
995 694
446 866
943 815
158 557
974 915
442 288
650 973
675 93
210 964
562 49
505 640
896 581
335 844
442 63
163 177
183 136
928 965
267 117
770 324
436 564
262 168
673 631
157 414
785 665
620 684
414 119
898 416
681 816
556 196
428 343
293 115
470 830
916 76
739 197
498 15
923 908
323 200
507 295
807 298
521 389
295 22
924 582
816 839
964 327
217 766
259 993
423 178
389 110
906 344
657 726
158 421
280 61
220 870
976 12
420 813
416 51
768 280
295 717
310 659
8 413
635 254
172 656
467 608
982 385
344 277
329 583
807 878
919 400
862 963
613 683
687 692
502 58
930 663
882 700
331 142
174 788
498 693
782 11
251 471
472 488
476 560
80 541
317 192
822 871
938 668
529 105
639 274
804 293
516 369
40 74
583 331
933 360
516 256
776 429
671 676
672 526
838 159
253 917
699 295
228 757
245 305
837 93
325 393
951 453
224 116
414 378
79 190
816 328
926 669
193 783
490 219
680 295
461 970
954 189
21 98
46 527
727 146
732 506
254 914
402 523
42 546
168 889
225 632
669 455
318 655
618 497
121 703
617 22
378 872
54 133
774 130
872 380
472 618
858 264
561 928
321 411
765 320
816 850
217 730
792 204
223 276
698 715
479 190
342 98
933 517
565 889
204 71
721 299
379 155
997 398
891 135
967 810
164 725
181 849
735 286
377 807
100 775
696 6
588 44
207 582
284 205
13 777
566 735
684 967
867 76
668 107
587 125
736 785
216 584
585 620
123 701
827 571
809 84
852 222
456 289
359 510
306 198
734 30
745 743
373 174
945 485
304 491
76 204
340 406
692 566
141 280
839 961
130 43
620 816
272 216
864 323
794 117
561 294
306 443
770 490
883 399
385 756
581 60
486 176
346 495
331 933
723 423
599 712
410 540
547 117
792 367
580 139
504 82
310 876
367 117
195 60
567 268
200 326
973 117
618 356
858 279
565 70
426 155
815 743
997 192
582 858
254 763
225 983
265 104
30 680
858 41
472 868
345 154
56 99
809 619
590 480
786 41
26 839
997 418
569 171
70 415
407 311
65 132
191 460
602 421
646 24
606 485
881 218
832 418
636 836
724 835
655 450
948 376
456 918
643 394
810 377
246 103
196 856
217 355
53 653
937 122
520 46
490 716
930 929
715 445
295 997
288 999
409 290
631 314
642 368
878 842
774 861
23 203
927 369
236 766
975 101
926 571
547 418
840 440
343 735
828 361
311 125
131 651
541 366
886 806
480 406
689 230
708 262
400 567
883 280
96 230
165 143
92 146
849 361
82 344
779 66
867 61
175 929
841 669
699 811
224 649
613 353
371 842
797 378
154 748
362 523
401 649
94 814
204 346
869 88
301 853
526 731
54 82
237 798
552 870
829 954
371 616
246 532
686 753
748 686
86 973
234 720
77 774
461 423
778 379
856 631
968 581
290 561
112 10
937 410
557 653
81 3
730 456
66 168
878 443
611 348
118 380
304 920
263 919
821 857
996 388
200 909
899 995
757 603
136 405
984 819
28 131
127 375
936 380
838 808
795 163
868 427
139 647
737 624
240 936
440 337
193 486
819 86
972 474
348 646
889 414
128 722
615 849
27 744
466 456
337 959
766 711
719 215
390 705
1 358
744 452
447 641
908 405
720 777
375 754
131 628
512 517
909 573
400 531
93 698
633 477
64 928
837 299
343 438
270 510
883 101
557 156
335 530
543 473
926 467
132 604
29 932
797 350
979 551
121 787
565 802
209 208
214 163
737 798
960 787
958 802
744 234
708 845
893 471
986 43
144 222
938 182
594 279
151 916
246 274
507 866
938 338
551 407
575 285
208 709
602 413
716 165
369 982
886 861
179 117
605 287
672 434
333 311
207 304
101 797
430 17
911 578
861 819
257 941
154 479
463 75
11 634
89 514
71 630
239 752
810 738
575 806
634 494
893 401
365 998
462 128
192 420
858 845
72 858
932 416
422 786
651 264
889 773
248 123
999 504
172 124
316 622
983 836
381 18
788 342
936 577
612 946
975 736
978 196
375 564
909 690
324 470
971 789
38 684
76 631
612 513
439 551
556 750
764 964
530 780
233 916
877 611
664 250
24 89
445 535
542 255
413 272
690 946
15 357
971 627
574 556
612 359
464 511
262 838
985 691
379 140
587 931
110 12
789 703
741 214
892 70
967 916
554 331
937 577
574 782
338 974
561 641
947 664
489 894
927 426
551 42
847 883
539 546
460 297
528 817
781 545
713 943
679 326
829 309
947 950
623 549
888 862
423 661
361 802
861 629
329 348
577 38
445 302
359 360
902 618
486 132
631 796
498 413
625 483
644 803
314 714
724 17
438 891
353 702
723 219
830 669
762 319
418 408
602 804
966 461
625 717
130 219
684 534
704 252
279 510
671 808
837 48
287 19
415 238
201 342
845 613
332 696
576 294
634 740
379 767
920 307
776 823
590 954
827 452
934 124
850 991
358 718
106 383
181 335
533 26
312 402
241 476
348 464
744 501
836 429
86 708
287 599
664 214
593 144
811 857
224 605
336 391
890 818
121 971
146 760
533 508
995 405
545 454
285 195
492 71
39 468
372 346
319 804
859 275
728 264
242 307
575 119
423 970
504 643
247 6
78 166
855 967
325 712
143 507
222 320
901 171
504 677
947 869
142 1
273 950
492 62
899 902
853 83
952 892
311 523
494 647
792 788
207 379
598 376
583 236
434 37
348 675
11 565
545 733
486 785
437 883
70 80
734 251
274 589
41 878
562 440
581 364
766 680
110 844
643 73
116 421
44 458
597 658
945 145
818 225
458 111
399 856
989 72
944 343
83 133
410 351
908 498
197 885
673 760
250 769
345 799
128 819
78 59
297 944
444 673
637 280
196 66
732 12
327 1000
883 136
497 965
148 767
137 692
129 933
581 817
160 755
512 344
90 892
293 825
555 410
828 910
650 506
673 843
546 187
33 468
661 218
989 701
132 520
370 47
910 571
560 338
857 432
30 378
747 772
695 636
607 905
655 800
5 907
683 28
497 1
685 582
262 665
636 20
437 653
289 398
916 605
919 398
645 399
924 32
199 20
749 614
240 203
203 465
666 923
403 755
468 971
843 1
990 336
875 368
820 279
262 778
662 566
863 211
518 938
154 329
286 842
782 847
306 60
144 175
812 266
628 694
886 387
373 244
767 388
469 705
165 728
993 463
866 951
81 661
622 966
998 549
366 726
40 398
314 885
576 64
116 441
546 680
92 418
22 413
171 565
188 909
604 261
975 316
54 994
435 796
954 481
115 240
794 477
337 350
266 210
802 992
683 127
913 726
646 689
149 135
906 770
711 981
208 348
436 836
699 822
149 345
557 300
611 561
488 11
4 535
295 16
119 332
854 257
803 581
203 945
778 397
906 326
130 844
204 93
575 62
208 920
686 893
13 513
397 674
961 677
833 292
846 584
320 401
526 833
198 406
751 718
870 582
169 172
667 435
891 987
772 80
350 124
283 37
31 707
674 686
18 970
165 9
493 620
259 460
478 192
251 689
191 741
197 376
127 251
908 886
502 373
253 689
472 264
734 32
607 306
634 124
532 901
662 828
850 436
858 987
178 377
272 254
827 876
554 748
171 896
737 95
615 90
787 228
33 592
140 780
180 993
117 724
490 217
110 614
736 145
702 938
224 997
280 951
699 323
660 410
823 958
419 300
908 603
812 173
484 270
226 883
6 143
910 193
983 165
968 194
487 794
738 485
793 281
426 274
671 280
124 475
788 36
717 74
960 687
929 587
122 756
111 481
159 709
436 126
517 819
721 152
761 923
138 960
657 688
710 385
369 6
21 917
616 1
483 10
502 890
142 955
754 179
695 842
99 75
299 637
47 235
48 827
587 494
805 315
787 800
91 767
554 253
293 23
653 759
423 490
970 333
705 7
862 183
296 148
523 955
749 287
236 502
363 160
614 743
528 766
188 400
469 520
715 352
936 83
918 455
169 324
98 354
607 423
149 763
870 863
746 729
323 552
32 715
70 279
701 687
780 2
249 720
233 315
710 967
987 590
895 329
453 294
974 888
116 96
836 889
504 258
234 151
504 209
230 171
713 323
72 85
346 412
509 992
92 136
241 578
607 891
462 302
393 741
837 738
766 216
125 48
162 58
319 240
600 890
191 10
