4766.7078462
4880.7507762
4977.8035362
5090.8875962
5205.9145362
5334.0094962
5447.0935562
5518.1306662
5649.1711562
5796.2395662
5925.2821562
6028.2913462
6214.3706562
6271.3921162
6368.4448762
6531.5082062
6632.5558862
6763.5963762
6910.6647862
7009.7331962
7146.7921062
7249.8012962
7386.8602062
7483.9129662
7630.9813762
7745.0243062
7859.0672362
7960.1149162
8063.1241062
8178.1510462
8291.2351062
8477.3144162
8606.3570062
8719.4410662
8850.4815562
8997.5499662
9068.5870762
9182.6300062
9239.6514662
9342.6606562
9505.7239862
9668.7873162
9799.8278062
9962.8911362
10063.9388162
10250.0181262
10363.1021862
10494.1426762
10641.2110862
10769.3060462
10884.3329862
11021.3918962
11184.4552262
11370.5345362
11457.5665662
11571.6094962
11668.6622562
11815.7306662
11872.7521262
12035.8154562
12132.8682162
12260.9631762
12375.9901162
12489.0741762
12592.0833662
12649.1048262
12736.1368562
12807.1739662
12954.2423762
13082.3009562
13238.4020662
13401.4653962
13472.5025062
13543.5396162
13699.6407262
13814.6676662
13961.7360762
14098.7949862
14169.8320962
14297.8906762
14425.9492562
14554.0442162
14668.0871462
14854.1664562
14991.2253662
15122.2658562
15250.3244362
15378.3830162
15493.4099562
