896
2 4
277 237
447 87
369 139
265 500
648 764
313 36
449 389
538 429
186 78
33 235
722 189
218 335
323 39
218 684
94 522
607 304
557 372
509 569
260 838
230 324
403 675
773 556
22 454
208 116
219 15
49 353
634 749
187 77
286 22
237 267
565 545
135 440
423 115
752 187
183 319
45 119
825 259
692 524
225 104
2 174
165 220
81 83
801 170
756 236
742 415
257 27
680 182
421 81
214 416
457 205
180 69
481 63
700 200
115 26
626 48
260 30
404 252
300 240
279 264
401 25
159 209
206 643
85 139
549 861
3 224
603 827
803 758
249 148
690 350
292 171
302 445
356 431
262 257
43 232
109 774
56 85
471 509
59 138
382 282
715 320
599 243
85 320
3 5
258 125
95 60
732 594
75 543
124 736
659 144
357 579
158 377
321 31
372 300
514 367
94 19
821 684
41 61
485 251
316 125
402 844
253 32
706 499
546 823
208 613
127 161
147 184
42 56
546 222
57 283
528 186
396 387
135 261
259 537
148 516
800 614
98 598
14 103
873 352
296 15
371 130
560 615
247 154
15 1
451 577
30 153
57 104
635 362
79 100
486 32
62 121
718 63
762 521
301 250
74 590
638 734
531 596
792 375
765 155
145 391
602 2
5 62
781 386
210 73
535 559
378 36
515 100
230 227
895 475
77 111
646 152
141 859
606 377
37 151
476 287
100 254
11 188
151 552
43 7
392 409
175 464
164 846
55 293
663 236
75 3
558 519
748 673
542 876
219 867
38 31
338 302
418 361
535 806
621 287
292 308
67 148
644 26
560 523
38 58
600 93
652 356
858 264
2 192
125 41
608 576
214 166
111 269
501 294
444 242
17 21
770 257
381 275
422 570
743 330
177 108
441 399
74 6
229 146
517 299
200 309
252 27
171 69
883 803
10 34
479 175
213 340
91 259
57 315
344 338
745 650
54 37
4 35
175 122
22 438
303 291
632 853
413 210
277 386
708 106
647 347
567 372
484 704
68 39
366 297
819 663
469 443
358 394
39 17
39 40
527 496
312 234
55 357
783 843
52 294
24 392
811 884
814 387
94 101
780 509
434 556
23 10
332 359
50 203
744 99
600 864
169 243
678 557
191 178
439 254
158 572
299 571
327 273
505 119
108 84
45 651
38 256
48 855
169 8
458 444
105 641
195 291
69 276
143 304
82 49
112 733
37 7
387 319
123 73
393 29
44 33
65 465
417 30
95 682
212 789
415 394
767 362
38 97
891 723
738 701
536 190
194 467
893 214
134 322
776 445
275 450
678 852
345 297
751 22
91 580
362 271
831 882
131 157
333 649
203 645
772 448
14 13
556 693
21 77
741 109
553 509
47 144
871 729
11 99
705 727
355 184
845 399
268 93
113 79
408 782
330 202
257 284
86 202
24 201
625 540
117 94
49 16
508 520
75 746
301 326
97 135
73 881
319 507
72 612
887 147
839 742
226 633
4 712
107 236
343 340
408 512
66 42
703 380
566 19
34 310
130 38
79 48
234 245
886 691
36 8
41 285
26 223
618 448
95 204
328 70
356 493
273 813
784 362
105 502
569 775
535 740
32 411
65 200
23 702
217 70
153 255
230 314
3 218
721 442
642 209
32 266
298 408
21 298
175 857
3 1
832 765
878 862
705 120
636 555
475 37
375 422
726 295
284 332
81 63
802 143
43 124
282 220
11 19
406 386
44 52
602 638
331 18
64 145
18 22
564 673
187 354
89 363
549 533
231 205
164 152
413 628
588 350
350 820
414 508
587 346
26 809
30 7
213 769
94 189
174 676
10 9
13 9
106 7
175 428
627 686
109 24
551 56
313 811
804 376
176 46
399 375
648 419
22 233
348 214
720 82
138 251
681 369
99 270
136 102
59 159
510 236
59 563
522 653
28 53
739 103
156 568
473 452
455 755
77 728
185 272
364 297
860 221
197 297
388 355
826 69
24 717
288 102
162 42
193 530
278 232
195 127
139 241
432 362
278 427
182 384
17 631
446 497
76 289
37 110
788 15
27 25
50 59
53 234
31 605
783 474
497 503
28 24
779 168
304 737
42 12
661 160
807 200
46 40
290 99
616 450
506 9
81 120
477 50
12 127
305 655
17 12
83 735
38 499
192 410
128 624
3 65
149 46
346 100
342 480
324 395
819 869
885 295
51 211
438 868
27 306
196 850
654 605
595 112
541 791
234 714
416 519
438 594
246 142
281 122
777 723
437 188
337 137
287 526
271 548
43 86
6 133
155 181
112 95
88 414
50 20
620 771
143 242
88 87
32 207
163 116
824 617
245 263
822 224
183 89
403 254
724 80
235 617
534 320
836 223
818 177
273 448
29 619
141 150
890 439
134 669
412 176
35 128
51 877
91 60
97 564
114 53
326 561
116 44
627 451
245 492
506 671
63 198
239 105
49 318
124 131
379 372
227 383
41 20
304 339
805 696
363 446
58 525
250 274
35 295
90 98
47 275
619 660
725 258
701 635
486 591
866 407
220 227
126 40
349 193
593 489
589 261
213 167
5 51
449 793
611 509
163 216
34 460
372 462
340 455
439 688
309 584
200 244
260 265
147 524
833 99
707 395
2 1
302 39
452 761
80 178
311 158
603 195
479 639
353 581
90 237
401 677
145 238
142 424
445 790
19 69
786 289
82 132
214 356
275 390
530 574
96 83
504 198
548 609
171 182
430 222
193 90
93 17
374 562
723 107
332 523
215 37
271 227
419 586
84 250
894 174
71 6
146 13
29 14
547 138
137 155
554 8
623 856
34 582
339 592
634 267
532 456
87 29
575 15
6 72
141 334
11 12
287 795
585 180
685 574
280 261
41 48
400 168
55 47
840 19
6 3
137 2
247 533
583 369
8 4
167 153
31 13
18 129
172 854
373 10
862 699
498 412
76 63
355 434
668 641
234 610
154 542
449 834
409 496
461 448
20 3
742 828
13 105
18 60
683 665
423 576
326 466
77 495
76 170
402 227
160 12
482 118
349 713
48 89
64 36
122 112
404 665
160 299
341 2
30 629
847 710
333 221
205 109
167 658
505 719
141 112
837 447
153 666
212 657
812 291
434 808
165 196
655 679
375 531
96 622
367 291
640 710
481 875
115 471
377 831
143 38
144 307
892 31
766 332
318 550
77 716
108 140
429 108
474 539
64 102
262 829
193 425
29 33
16 5
459 250
632 379
221 112
472 376
865 562
123 729
240 74
80 16
205 405
41 351
14 70
289 358
102 709
442 404
484 44
9 2
664 672
134 92
139 166
662 379
43 67
89 816
142 119
699 278
242 317
515 796
518 509
434 452
78 69
450 630
872 221
541 640
246 264
39 47
477 794
623 589
172 38
185 108
830 595
111 889
7 2
610 637
179 162
375 285
154 26
61 763
604 22
39 107
879 678
311 841
842 490
397 55
90 11
490 429
874 298
476 650
206 674
504 835
613 760
160 222
696 423
194 90
380 483
135 206
408 488
63 59
529 252
453 14
73 63
530 757
616 670
322 419
880 445
146 152
105 470
597 341
6 32
43 199
315 513
293 347
397 540
365 147
511 89
117 118
342 206
370 290
150 468
730 426
377 463
810 496
531 754
494 468
759 159
99 398
664 4
544 228
695 449
