1000 9885
821 399
953 255
167 13
725 611
86 935
697 2
626 168
823 582
665 604
748 731
86 22
588 364
536 815
898 938
976 470
740 55
647 549
318 229
502 556
489 857
497 326
264 33
194 318
344 463
36 525
806 25
106 830
424 295
152 982
136 507
606 378
143 664
274 281
568 333
52 678
93 462
518 975
689 719
544 182
528 587
610 510
634 69
935 839
302 21
231 209
16 398
300 640
97 213
957 327
11 645
374 763
927 371
784 899
378 758
533 520
93 1
616 870
230 410
13 320
219 599
921 223
824 910
367 324
334 55
228 542
279 626
860 75
367 437
479 687
941 390
432 154
937 947
629 947
734 898
817 265
730 538
362 742
755 69
100 310
637 121
360 475
858 326
345 425
77 34
849 9
401 536
63 96
138 777
531 818
860 574
807 97
539 719
77 772
260 484
704 978
247 116
639 854
621 327
33 925
826 621
134 612
947 723
655 2
913 423
473 88
113 193
41 380
591 988
122 791
282 638
65 102
339 515
122 881
144 627
504 358
455 425
222 460
60 447
317 72
65 23
325 658
430 281
792 706
387 38
563 129
674 762
202 235
834 95
951 687
867 356
338 362
429 833
449 251
92 669
74 176
992 915
754 782
866 948
261 920
888 740
575 780
28 577
444 730
898 123
119 997
745 590
905 865
126 247
660 583
326 867
442 158
741 538
887 780
102 76
959 942
490 226
953 522
720 109
319 453
727 456
529 607
508 258
885 396
281 310
998 229
780 808
693 633
289 771
254 885
276 127
133 658
262 62
564 714
945 888
622 448
992 317
577 880
519 98
902 110
523 103
944 176
546 220
252 142
185 44
249 377
223 428
774 52
522 85
233 728
660 59
257 415
989 817
829 988
934 189
281 882
720 233
484 943
512 242
414 566
551 179
958 179
905 5
890 589
783 253
804 797
109 87
60 637
687 704
820 343
122 802
730 165
416 933
414 720
843 974
381 771
763 23
341 501
35 822
751 574
554 6
316 821
541 268
209 803
196 771
69 539
820 325
58 876
990 941
350 12
867 162
834 425
165 135
303 926
731 979
737 658
927 829
648 445
207 306
129 829
655 344
250 275
89 663
790 375
3 67
539 53
527 540
586 504
509 407
862 116
151 312
279 359
654 401
857 523
606 910
387 734
335 188
796 674
289 604
589 745
515 218
59 54
296 644
6 979
742 457
689 211
784 233
404 721
287 974
714 358
366 973
718 358
495 171
611 754
193 957
858 621
819 993
289 702
715 784
665 11
993 918
206 933
390 92
33 689
513 906
384 5
314 330
205 251
717 504
462 749
357 505
573 80
253 312
823 716
25 567
673 227
949 22
753 445
510 407
682 883
720 194
672 408
172 593
873 996
503 33
68 514
439 592
178 613
507 147
470 261
511 763
611 265
764 505
566 547
439 388
525 232
96 953
908 678
48 828
307 25
553 273
792 651
978 798
902 688
491 421
803 612
165 44
649 919
984 34
71 310
255 129
350 379
247 529
527 963
396 71
127 111
257 911
130 439
867 444
53 168
390 621
706 610
410 167
302 105
231 61
325 72
273 421
205 930
112 438
927 736
638 456
31 250
217 873
969 125
550 514
794 112
784 70
201 340
883 400
743 203
861 473
354 901
571 108
917 72
721 831
149 190
560 251
906 987
525 563
565 582
430 713
822 95
327 919
842 649
920 211
759 944
299 254
300 333
159 410
633 194
350 735
171 56
14 230
534 557
872 490
46 891
751 946
932 888
475 767
648 987
77 799
464 364
768 340
664 357
369 33
939 221
338 944
962 22
377 558
342 252
496 172
740 391
468 834
899 102
294 962
152 983
529 379
715 80
588 930
881 168
97 921
544 88
514 925
72 184
469 922
104 329
36 883
330 746
459 636
154 482
746 536
909 82
892 782
490 346
550 332
240 877
478 443
782 659
165 691
314 863
980 264
323 519
789 494
921 222
926 316
814 915
407 587
638 375
513 484
252 828
325 334
776 838
173 683
15 923
879 728
799 907
867 916
528 208
93 708
833 865
63 828
135 483
121 651
195 140
475 908
168 820
929 295
142 564
471 440
879 47
20 208
333 439
854 763
439 898
225 903
284 332
929 1
507 125
419 803
459 254
885 924
711 452
779 33
952 77
751 839
590 451
702 153
169 103
715 98
155 374
431 493
911 951
644 274
540 835
236 530
264 269
329 568
388 359
47 162
934 222
791 803
151 192
448 9
514 580
914 298
607 75
832 175
900 760
832 222
356 992
168 182
80 994
504 238
162 588
699 287
476 108
442 300
478 550
135 771
828 310
654 549
112 998
328 139
887 783
788 718
385 117
791 453
997 752
304 99
125 405
770 320
220 399
681 939
408 1
7 107
724 527
450 388
676 874
474 270
202 785
721 775
225 592
688 72
542 887
615 359
963 222
324 268
605 384
555 504
572 570
646 977
176 267
750 357
181 54
77 965
152 292
47 669
694 892
509 634
318 64
602 215
195 279
695 578
220 866
652 971
963 794
433 827
531 958
40 611
792 402
9 936
651 617
184 322
593 666
192 733
728 447
711 206
52 889
147 679
924 437
122 5
140 484
937 38
810 316
282 885
691 467
784 671
217 344
218 643
151 85
284 371
268 407
179 788
522 45
255 1
390 902
671 531
201 93
923 258
743 189
283 611
608 640
112 511
595 660
281 70
634 348
55 12
131 708
847 446
723 30
170 102
379 724
141 547
240 436
37 658
332 742
594 209
576 332
244 490
997 788
891 384
142 799
951 231
112 812
842 241
634 929
176 201
289 814
487 903
271 746
664 846
572 623
721 867
849 182
560 175
320 900
29 804
105 198
566 117
493 343
898 563
441 68
850 792
753 215
940 678
712 201
911 299
536 55
419 669
927 573
652 114
596 990
669 150
962 128
1000 83
543 621
416 228
57 246
165 332
317 316
634 664
397 708
806 352
166 3
469 998
647 592
981 902
29 281
363 435
242 492
27 248
467 497
213 221
616 558
5 673
722 949
933 940
692 877
144 971
130 658
791 875
687 938
601 429
496 215
599 592
168 80
666 755
923 192
665 858
729 273
61 364
687 136
121 193
446 830
231 60
92 326
150 34
300 891
27 725
336 747
733 459
576 394
689 877
304 205
324 127
159 65
586 918
521 948
918 150
296 609
614 289
11 982
965 153
306 518
71 778
334 72
137 524
120 212
176 102
714 614
767 914
438 442
585 287
570 429
972 585
771 654
276 48
245 853
681 925
141 725
609 754
973 113
423 16
962 450
376 651
12 681
18 426
399 219
648 589
116 597
869 433
251 998
986 127
890 167
970 426
117 785
33 152
91 910
456 906
562 154
759 503
601 973
378 350
285 994
894 830
398 3
551 459
844 87
424 666
326 499
800 184
29 509
985 479
179 400
710 479
570 707
882 881
185 443
868 300
134 664
670 638
182 864
579 544
144 823
877 315
805 430
438 649
197 318
839 131
108 143
435 329
37 133
351 549
796 854
876 132
734 254
662 567
793 712
996 961
614 528
673 929
301 50
636 531
966 300
509 207
594 887
645 777
25 400
137 846
887 810
728 721
693 833
34 478
272 343
989 246
600 395
249 611
215 370
898 294
461 910
486 291
489 477
110 399
437 165
952 663
405 839
765 177
585 315
345 574
925 990
517 710
445 565
465 245
986 305
769 477
309 12
773 509
760 670
506 602
214 155
308 212
682 953
609 911
481 808
25 750
573 116
471 665
203 871
818 928
744 1
891 210
674 820
158 477
677 627
170 503
544 296
816 525
891 67
748 584
181 661
746 600
223 14
192 754
531 131
56 353
351 577
350 135
407 196
155 576
339 754
123 283
227 591
622 819
972 358
114 634
758 435
716 266
506 240
640 904
1 702
348 531
725 155
965 652
468 180
981 498
849 892
352 761
488 660
842 187
93 99
7 311
267 563
853 537
875 945
514 137
642 114
974 775
921 185
560 983
978 442
926 682
8 612
343 364
542 511
590 727
903 142
255 901
837 620
270 825
902 322
689 407
229 470
621 852
841 88
417 308
436 720
261 491
500 735
188 820
898 556
811 789
831 350
584 409
821 340
738 926
190 317
82 602
447 214
341 959
46 868
596 955
227 813
809 534
481 933
961 371
7 703
256 545
180 801
928 211
126 1000
696 111
215 553
436 298
369 889
333 926
670 551
583 770
605 838
108 418
91 660
448 487
891 845
639 571
216 67
274 351
832 285
232 523
706 378
834 423
174 828
47 54
574 317
855 919
567 556
296 985
226 132
575 989
619 229
395 799
947 282
567 605
714 51
509 405
856 483
354 255
406 253
634 490
570 176
802 718
982 800
932 93
590 529
872 790
132 24
267 438
289 594
269 540
326 690
503 258
738 399
477 345
922 198
634 716
600 468
163 246
680 300
646 513
856 330
301 796
909 605
487 561
950 139
861 356
275 641
404 91
85 794
211 595
855 266
757 555
510 509
862 854
315 753
815 1000
232 177
216 854
99 792
620 312
949 882
864 790
404 441
298 836
480 559
909 625
467 967
68 878
536 56
384 805
648 594
404 98
958 883
726 511
177 978
416 374
953 81
635 947
30 689
627 279
583 704
325 720
87 401
109 57
955 909
725 287
963 646
309 361
382 658
329 614
290 996
809 812
317 29
924 107
853 187
375 267
823 409
130 736
912 434
516 60
679 416
922 759
541 415
174 856
784 764
288 491
883 854
205 894
442 528
499 545
232 932
430 49
642 361
550 294
255 36
350 264
376 387
552 134
610 388
260 679
814 10
908 123
627 788
326 928
954 393
224 166
154 209
525 510
84 658
750 887
490 169
975 418
776 684
130 267
340 619
162 343
6 844
903 214
944 397
475 53
43 457
443 467
945 821
713 465
200 252
993 545
869 222
318 684
410 827
341 533
436 831
935 295
167 953
858 272
677 892
691 615
494 908
526 627
903 574
143 33
654 307
61 632
299 303
601 931
213 301
588 367
218 67
798 662
655 43
52 28
844 80
575 448
67 731
941 632
587 318
240 163
792 634
776 95
8 41
887 451
305 537
855 545
786 104
970 285
387 207
613 639
249 196
476 242
486 555
92 918
232 785
669 558
853 433
322 699
342 702
553 45
666 724
114 825
117 118
780 364
69 243
785 194
681 497
610 57
541 645
918 81
832 914
631 514
616 873
9 18
141 392
988 237
244 13
561 325
889 848
763 891
201 61
125 286
418 894
440 922
537 492
276 256
386 448
193 970
983 923
111 844
210 143
505 953
16 988
647 732
475 17
385 265
244 338
281 456
825 779
15 296
794 771
132 500
977 81
544 988
981 633
466 726
323 355
971 575
267 647
740 240
298 943
959 86
273 851
530 626
507 127
735 447
534 958
501 288
568 238
802 382
803 907
237 59
919 533
708 512
178 555
308 410
920 540
960 682
852 513
728 421
531 130
491 321
623 488
985 755
201 756
496 424
674 973
321 819
566 583
933 28
959 712
818 972
840 876
966 220
14 761
491 252
535 425
711 277
598 523
359 61
841 262
932 171
421 682
979 144
452 880
179 984
509 353
880 891
723 58
301 21
982 884
287 70
788 601
936 844
116 52
689 180
908 402
328 28
864 446
543 166
429 258
858 660
31 466
289 663
16 937
988 23
959 38
424 282
208 449
281 315
301 840
430 660
293 840
667 736
119 554
724 632
751 161
863 955
849 217
600 821
341 973
604 837
896 54
423 219
280 283
973 137
47 524
745 266
53 155
412 320
630 751
665 537
508 496
628 75
394 513
877 958
53 268
237 31
535 920
173 823
268 589
431 387
768 397
643 555
915 462
503 636
260 249
429 734
14 704
431 112
235 659
531 158
246 72
865 760
277 858
647 780
526 103
378 105
985 135
51 800
662 615
809 977
807 586
927 835
317 218
155 466
909 438
606 192
927 932
221 382
884 546
922 771
117 445
615 658
577 383
670 992
819 294
469 737
936 10
738 170
496 513
225 69
226 502
335 8
272 242
137 820
706 831
874 333
214 826
550 628
370 604
480 484
716 584
11 940
272 400
914 867
591 25
378 803
870 96
342 336
50 541
548 236
716 894
465 205
223 616
993 939
479 736
39 248
519 50
43 381
906 949
622 483
271 869
391 422
938 482
495 507
152 403
563 113
906 4
925 232
512 435
622 338
287 527
664 110
648 595
354 620
940 299
542 115
891 447
708 799
67 145
768 220
18 471
826 462
709 642
941 911
854 400
397 625
180 71
96 862
468 272
191 321
194 423
692 474
270 112
837 88
632 751
303 232
167 425
736 952
346 572
973 753
317 141
50 264
30 882
783 336
130 656
424 109
408 882
61 136
210 578
597 54
890 32
590 270
677 708
841 508
89 327
808 243
257 531
538 388
277 592
69 286
567 563
589 983
1 534
398 528
541 672
10 700
538 166
995 581
12 1
288 825
383 720
535 183
59 230
633 205
724 252
653 264
324 130
254 71
928 916
232 609
512 595
231 877
435 856
422 898
320 540
619 268
508 325
533 180
922 509
161 463
559 896
234 437
327 912
208 919
717 264
578 974
484 189
301 545
15 727
533 406
826 128
955 492
670 17
48 256
973 192
557 385
926 206
713 643
787 388
282 277
474 137
129 626
294 148
351 333
243 588
281 815
48 622
275 201
756 918
26 833
407 476
428 857
604 706
686 986
296 455
939 137
868 351
222 518
411 950
193 809
749 76
511 873
19 196
285 514
271 467
421 450
350 56
687 987
729 81
235 1000
753 875
809 41
372 156
430 483
268 458
930 955
109 608
792 904
10 785
373 27
981 476
250 342
987 787
236 357
18 560
992 907
954 201
944 622
857 727
469 665
719 249
477 254
315 15
665 768
425 43
144 501
23 935
374 921
859 761
819 572
822 365
558 406
167 536
115 795
281 173
390 505
637 674
286 190
567 219
492 919
456 133
457 940
171 746
929 474
413 809
803 481
896 269
737 501
633 436
243 76
945 848
747 588
896 188
771 748
635 687
889 659
90 232
966 889
402 732
612 341
519 139
915 517
688 141
691 798
48 300
399 57
574 228
741 152
393 112
76 233
381 230
13 536
863 282
387 848
479 13
997 448
302 526
104 369
808 655
91 541
520 259
388 467
687 665
104 384
967 121
697 365
296 306
617 968
415 587
71 213
843 4
663 897
212 478
946 263
605 514
52 646
689 751
337 91
387 456
27 881
879 837
40 484
538 367
116 279
813 727
448 857
747 95
552 95
555 928
793 859
372 40
63 876
582 175
412 851
879 539
383 744
746 53
652 57
110 591
845 552
442 512
443 316
797 901
67 56
408 656
750 927
966 552
340 122
366 932
917 28
796 867
106 289
768 804
738 698
959 262
10 171
12 525
967 763
362 710
595 908
615 497
621 628
290 282
382 830
328 753
96 708
557 457
635 937
214 20
273 710
995 289
905 9
9 92
327 412
679 203
916 655
848 205
995 142
227 24
929 780
114 59
716 76
263 533
764 320
748 829
179 458
752 312
972 309
773 804
633 523
13 472
338 665
959 521
583 909
917 809
610 813
792 802
832 287
649 895
616 486
50 500
632 489
919 252
614 764
322 736
872 56
865 330
726 311
166 561
994 174
351 639
559 58
671 540
50 214
592 119
663 104
170 847
615 883
13 307
624 270
651 433
67 566
568 837
864 492
612 858
439 238
576 464
685 146
499 387
95 147
509 102
970 712
352 175
6 870
287 859
769 200
133 609
225 512
798 365
809 410
269 730
746 794
635 742
592 723
646 944
647 393
962 509
762 410
293 589
129 996
973 219
159 704
882 23
554 511
114 109
449 496
834 34
68 526
683 91
904 284
817 785
587 647
312 935
958 34
943 330
968 346
449 18
468 810
972 202
60 396
496 468
5 285
950 346
193 21
963 537
583 992
416 820
933 241
875 430
692 872
61 135
869 816
526 499
229 610
404 743
460 747
212 132
72 527
415 289
352 271
379 511
672 690
361 727
947 376
269 860
128 656
221 99
629 102
211 53
413 689
243 351
477 266
261 877
98 577
851 5
118 516
197 155
658 671
220 44
798 431
799 114
250 759
145 897
789 168
183 201
465 492
785 689
825 636
951 196
651 8
372 444
996 113
6 108
924 743
963 155
803 290
842 772
813 154
815 895
618 367
690 848
159 535
720 275
96 541
299 400
208 408
266 299
937 534
919 642
80 1
759 323
560 315
742 535
431 356
712 454
15 101
198 576
221 993
147 770
773 90
701 583
544 382
652 632
450 849
344 468
715 199
860 996
866 361
914 226
140 472
261 488
580 928
613 637
616 431
813 377
536 752
961 869
122 427
982 541
141 83
201 824
58 915
795 506
411 501
620 109
178 472
179 849
292 80
311 340
349 1
187 362
727 876
672 734
106 886
303 688
753 768
605 368
407 726
802 756
839 563
370 530
813 404
684 24
173 117
410 345
474 102
336 438
945 117
487 746
453 406
264 445
868 587
504 802
79 492
797 593
449 963
506 788
522 232
366 888
662 293
721 799
758 722
651 52
674 399
582 524
372 758
396 905
440 361
197 663
392 460
301 516
584 96
363 931
788 106
458 885
5 943
96 586
704 777
102 624
238 16
423 134
618 722
39 653
420 664
771 21
650 169
355 933
754 711
178 598
954 547
588 438
317 353
137 203
839 284
342 796
311 839
520 260
955 951
233 707
523 270
564 85
507 972
455 420
494 570
904 50
852 968
174 692
554 190
9 739
356 654
430 397
714 824
549 232
994 24
190 525
429 811
250 248
19 679
559 33
995 859
163 456
505 287
129 305
37 408
153 871
701 865
727 737
858 880
14 904
58 376
969 822
44 315
708 913
451 331
233 425
430 781
462 73
376 778
508 287
555 734
827 405
387 788
753 312
979 718
460 173
489 446
642 770
384 62
595 798
580 202
608 147
662 432
573 875
885 681
929 199
416 510
896 8
146 683
60 933
59 602
152 296
7 922
603 25
72 851
683 168
479 834
686 788
570 821
665 543
596 821
816 605
526 984
194 65
639 881
848 206
425 147
82 778
891 96
88 883
904 240
848 130
312 891
292 869
213 197
290 846
455 392
619 555
71 849
805 402
827 678
44 836
960 325
745 977
486 753
738 70
776 375
939 741
729 313
912 375
197 499
914 413
598 533
136 629
947 287
257 983
684 922
83 101
747 58
179 566
951 428
165 631
957 763
137 826
120 990
139 356
841 2
897 784
287 905
534 111
183 119
63 525
121 500
563 717
710 876
234 189
145 932
664 948
629 852
520 696
577 953
599 572
267 137
436 512
953 410
76 543
820 686
850 901
746 907
100 940
728 333
959 394
707 165
124 465
256 371
384 824
190 220
569 437
869 490
425 382
872 701
804 830
803 837
919 339
62 244
853 215
928 242
553 651
496 20
459 920
868 425
692 250
450 765
235 881
326 328
492 96
256 814
830 840
834 279
654 58
569 321
877 339
808 358
2 421
330 22
296 154
9 571
804 754
936 458
476 387
135 528
43 356
127 106
155 814
266 592
657 417
453 14
18 605
741 891
923 482
691 58
699 347
936 887
814 120
249 730
177 85
804 182
842 321
681 709
963 359
478 653
84 524
488 909
508 464
825 530
555 649
721 673
747 469
305 378
859 831
965 481
393 751
671 196
216 902
203 640
220 738
88 175
149 597
403 179
578 639
426 240
349 787
855 9
483 334
156 312
342 23
143 34
882 56
241 128
388 219
874 588
959 140
119 163
856 611
821 171
414 627
75 313
341 86
666 799
702 113
834 89
820 484
164 576
190 820
549 883
44 893
616 400
61 988
856 479
50 298
217 363
933 101
771 342
826 919
154 380
669 555
989 798
611 228
904 708
210 695
227 751
448 192
340 470
748 443
785 199
434 943
188 130
383 353
405 399
633 126
129 325
404 841
979 983
83 138
637 719
590 345
128 923
720 805
353 656
618 140
339 485
970 791
712 632
492 913
366 910
289 889
254 835
789 60
270 222
279 878
106 346
343 27
590 8
223 545
655 971
135 867
238 422
630 996
993 691
7 945
484 34
808 964
834 872
952 483
769 755
535 768
367 996
800 869
743 925
464 333
119 135
303 332
734 608
554 266
450 800
132 164
192 583
778 754
82 807
748 580
730 203
769 925
77 608
189 166
227 79
219 969
528 127
948 181
364 972
826 841
304 879
468 978
584 795
587 322
294 882
207 439
173 515
726 849
587 61
131 19
105 677
100 692
448 189
583 201
435 425
753 742
476 331
258 178
593 893
460 812
10 819
66 663
737 874
645 695
46 60
603 769
642 479
827 857
629 93
797 865
231 977
568 939
797 786
779 299
49 74
287 976
763 56
629 895
599 539
466 885
488 965
837 359
958 421
390 106
543 48
431 874
437 133
555 622
112 916
464 237
337 113
979 702
589 454
693 530
21 311
370 251
975 554
496 117
256 360
60 934
96 599
115 309
850 704
561 947
781 962
67 182
109 833
927 580
909 314
143 245
399 31
403 88
315 1000
649 336
798 819
416 221
611 3
130 839
668 459
796 304
778 263
816 606
247 86
857 262
648 871
425 146
722 680
584 601
786 141
489 795
455 506
725 488
122 159
530 134
791 749
630 319
672 91
602 276
674 681
986 631
679 440
951 981
499 935
322 591
35 538
640 872
757 857
245 117
799 580
531 494
931 313
739 423
126 38
283 713
112 357
611 909
465 587
317 554
619 118
747 61
92 494
365 990
370 712
940 700
499 276
135 866
453 331
830 117
119 884
907 154
95 547
732 173
913 525
71 797
172 116
585 405
552 746
220 360
628 29
955 231
314 229
298 558
334 224
471 25
350 343
745 104
267 886
507 365
803 264
593 312
760 655
132 568
902 76
261 348
815 869
68 874
698 417
937 687
385 528
717 212
320 726
191 253
730 97
270 196
398 441
756 957
406 900
373 607
209 470
265 452
182 572
473 105
75 493
682 159
39 270
545 141
142 45
952 249
166 151
406 742
999 541
237 772
126 667
243 945
464 962
585 650
221 302
956 807
259 17
98 27
101 936
162 828
899 193
178 431
196 515
605 505
822 672
398 535
335 120
282 116
908 224
233 479
115 994
71 739
205 557
41 532
577 634
317 703
656 119
417 549
366 512
560 915
348 138
189 906
421 548
872 532
229 982
675 51
489 484
346 359
243 21
760 937
867 975
263 192
395 328
950 26
474 451
685 807
267 914
752 984
91 118
972 725
612 700
557 365
36 91
655 992
108 915
454 675
829 941
367 850
333 286
484 926
727 50
198 676
345 368
682 849
534 918
167 155
5 204
312 899
392 159
748 722
765 748
58 236
508 595
218 145
94 484
403 257
47 958
27 445
105 737
696 956
199 155
739 894
145 219
165 232
437 595
4 42
995 89
616 258
526 179
654 100
397 453
36 667
364 120
915 376
496 384
964 651
597 102
653 118
308 599
19 540
136 704
72 734
37 128
919 38
151 408
745 825
230 691
948 534
827 975
280 570
575 785
379 964
947 342
749 542
129 299
827 828
452 943
897 814
664 719
644 557
294 987
956 271
478 735
818 360
379 802
548 65
310 436
25 4
447 741
548 208
510 351
77 360
104 666
437 160
850 955
281 460
559 929
251 714
551 977
552 561
789 940
591 496
78 221
820 534
911 505
38 639
55 567
773 504
719 604
189 737
696 109
247 303
565 838
191 164
584 320
643 789
61 664
812 688
816 691
820 219
731 256
454 937
809 590
592 74
117 609
227 225
817 863
269 508
787 131
481 638
283 160
670 460
456 812
271 387
535 598
277 834
226 938
410 750
1000 733
74 384
821 977
58 781
888 926
724 268
961 214
88 38
730 413
17 30
143 618
883 869
644 973
649 418
869 886
912 269
783 570
420 317
153 927
875 150
22 311
705 459
49 367
12 117
819 383
344 925
76 896
666 470
945 181
33 979
555 818
934 751
719 79
294 755
45 12
173 87
447 648
592 706
847 171
79 349
980 520
286 153
534 419
223 870
775 79
280 978
816 132
456 613
927 144
418 292
346 351
681 830
828 571
78 142
225 618
431 986
656 748
87 68
713 493
128 53
458 772
758 689
428 432
842 858
632 394
63 60
319 902
15 441
820 776
472 950
95 892
26 789
545 119
341 156
196 414
753 244
288 626
365 230
5 405
668 379
173 819
162 496
873 531
498 172
215 548
255 715
222 256
630 397
407 374
230 831
892 392
434 304
56 258
690 88
801 440
52 758
517 300
459 732
478 200
672 459
13 253
291 999
604 936
168 122
504 818
687 242
463 510
109 694
457 45
130 93
774 786
187 404
69 973
948 893
334 340
234 40
469 975
456 482
708 304
128 836
571 232
560 291
885 504
318 603
101 297
311 58
604 400
362 775
879 286
92 188
609 270
704 550
907 123
251 517
323 112
250 944
239 44
719 758
474 415
403 153
719 615
354 761
332 442
264 753
105 345
436 166
989 765
702 494
872 501
190 40
413 417
147 13
119 217
673 85
468 599
195 761
916 480
510 930
276 254
780 370
226 641
869 377
514 982
229 538
144 660
792 411
673 439
983 268
986 822
717 902
187 903
264 156
929 670
805 291
725 124
374 90
766 840
303 970
910 166
645 347
758 508
210 574
687 944
339 798
639 427
135 713
443 844
47 326
304 80
503 640
567 527
783 626
823 417
442 396
297 391
654 453
776 627
226 406
497 260
799 88
315 84
27 600
402 219
582 234
865 87
755 674
901 794
369 788
741 603
408 161
804 609
454 849
505 567
823 101
291 428
20 886
522 464
656 278
909 636
324 428
381 205
680 412
456 20
613 482
998 164
36 465
682 685
404 491
243 133
484 185
466 604
802 2
489 261
678 634
6 498
856 839
143 191
181 104
807 228
703 983
648 568
916 912
604 952
293 767
85 784
761 959
9 8
428 710
801 36
565 3
603 240
507 199
20 392
262 581
565 180
327 97
574 930
540 886
728 462
302 609
199 898
507 805
127 500
473 245
679 285
203 44
900 94
795 800
729 36
469 353
236 44
847 636
922 677
5 655
230 598
195 785
678 174
183 628
627 818
22 834
710 351
568 362
752 33
383 13
963 183
758 75
300 567
706 558
301 964
156 563
710 238
884 661
791 107
559 511
908 133
529 184
625 535
420 511
353 948
80 908
546 669
656 197
149 904
866 650
704 209
153 77
597 522
230 109
710 795
987 418
14 802
861 389
976 689
974 860
760 232
408 189
873 335
452 78
366 908
292 535
152 130
214 576
395 486
894 422
495 89
38 749
975 592
245 819
323 245
882 376
169 739
793 473
251 811
380 141
838 451
212 950
983 331
717 155
540 692
182 372
574 975
367 599
722 706
83 816
51 270
248 314
15 235
164 535
296 423
259 317
218 404
900 50
264 340
891 935
829 969
221 740
832 311
433 476
623 725
5 813
518 931
26 357
635 299
856 44
416 605
571 515
74 41
122 317
140 172
892 809
676 334
783 682
474 802
862 401
206 405
499 653
409 181
527 689
344 926
606 922
735 562
847 404
287 77
129 423
2 943
296 656
997 616
780 194
33 579
965 202
822 333
845 548
183 157
646 543
978 71
395 437
436 559
98 666
236 777
111 879
505 737
578 784
478 986
858 512
436 734
699 208
538 862
100 323
341 968
345 397
132 469
426 182
156 499
655 987
489 622
720 222
593 96
208 2
247 419
104 179
308 37
700 871
238 162
185 278
497 36
725 660
263 719
161 269
492 345
113 20
240 306
132 154
148 411
446 382
263 860
396 295
319 244
596 534
943 291
229 711
326 355
184 312
956 686
541 242
36 732
28 43
593 957
444 105
77 636
31 603
586 270
547 247
628 901
844 714
993 256
240 364
965 172
658 430
250 283
913 967
472 273
884 606
739 373
278 83
260 570
41 763
304 506
268 29
487 107
974 587
741 836
874 295
547 407
359 173
382 22
384 465
202 376
753 15
36 231
111 685
241 741
614 316
262 353
615 77
319 400
46 312
441 258
160 195
666 205
109 198
943 677
270 799
931 227
846 466
24 389
428 159
410 702
529 716
125 35
438 320
385 372
81 197
172 148
627 78
209 153
798 115
747 665
306 929
629 661
119 299
800 627
836 337
31 735
180 477
588 498
113 982
890 518
454 644
516 790
566 281
346 884
754 89
368 740
756 959
541 85
651 573
138 600
913 470
933 923
78 726
928 90
449 22
89 63
445 66
263 977
658 53
30 198
273 81
661 846
810 533
140 391
565 482
622 749
580 206
697 538
496 501
139 761
88 31
994 223
410 60
728 47
239 883
859 913
509 450
787 630
311 332
666 365
480 200
634 409
407 857
27 934
36 37
704 71
101 973
575 844
954 903
173 252
598 679
359 209
229 62
46 485
835 863
396 300
720 828
202 751
318 997
444 544
928 937
727 539
547 145
585 38
769 191
220 479
615 198
965 275
986 956
152 214
4 528
278 554
983 211
676 681
807 197
185 146
872 308
279 948
836 407
964 236
350 711
59 534
9 301
599 912
851 575
894 756
897 430
946 841
468 517
977 191
110 54
440 30
114 397
155 757
674 811
656 866
82 984
492 274
702 229
977 922
635 194
764 422
527 506
431 465
592 255
351 110
834 84
947 879
269 295
643 614
769 807
490 529
511 997
458 243
114 593
478 246
544 80
729 84
605 569
312 532
459 743
80 720
672 500
467 240
363 67
593 790
210 690
619 786
148 652
258 92
44 557
211 100
303 700
693 918
899 477
519 540
516 448
316 313
727 729
586 139
383 755
918 218
589 869
944 321
908 484
91 838
969 146
789 359
741 638
465 435
563 518
785 512
561 583
698 803
499 236
836 213
589 395
699 320
674 830
81 252
427 904
929 334
809 384
949 771
272 763
573 835
989 691
190 264
483 286
411 557
211 879
603 49
652 122
627 439
973 159
560 332
265 32
673 163
158 437
949 86
881 256
894 189
2 306
541 421
414 594
860 678
648 846
600 480
63 329
460 352
948 1
75 439
709 828
431 90
554 43
900 51
304 866
587 417
127 376
486 158
155 29
505 80
563 897
202 16
754 549
630 240
297 316
935 544
641 839
476 326
3 110
204 725
340 621
406 121
842 83
400 66
516 272
884 746
643 524
912 45
396 406
714 105
19 905
495 952
561 266
177 1
422 907
789 266
205 755
645 854
603 544
61 959
126 79
186 160
573 532
535 577
150 463
67 383
429 380
983 949
436 552
435 919
689 392
417 205
718 45
78 140
906 923
524 478
401 721
256 252
348 402
702 609
907 319
431 597
675 834
290 279
744 326
214 190
108 981
553 864
57 113
755 326
518 38
426 429
243 410
81 267
355 884
742 576
657 706
31 717
790 998
220 890
840 50
213 495
674 851
325 741
436 130
476 887
999 622
407 259
134 569
964 760
218 454
554 124
631 126
333 919
624 744
666 620
630 306
523 824
800 131
69 514
341 365
606 315
807 576
648 471
220 745
445 287
411 147
857 967
469 393
84 379
684 880
583 174
992 985
663 246
773 594
102 436
835 937
766 671
107 14
218 941
681 307
520 975
393 881
192 256
141 377
948 895
629 62
387 713
173 40
370 598
244 67
907 159
211 378
12 377
309 649
992 5
701 611
505 906
896 347
915 745
475 46
93 659
646 651
719 835
336 360
393 759
30 252
158 49
675 233
508 174
290 89
972 605
223 725
774 239
119 516
693 469
399 350
203 617
674 34
18 446
971 620
919 772
850 675
686 709
836 338
360 171
267 585
589 6
276 876
834 943
262 716
285 869
475 539
424 535
868 210
778 294
989 716
85 200
804 826
342 233
222 339
128 732
961 449
123 506
565 207
407 122
511 883
800 48
213 229
765 920
144 948
551 317
28 222
322 575
820 290
74 396
112 87
772 524
706 345
246 620
230 571
692 996
503 750
288 482
515 869
543 853
266 614
351 969
227 759
690 197
260 312
452 656
333 734
606 49
827 932
274 604
315 136
705 256
657 421
933 304
130 63
261 967
832 909
814 13
282 482
323 530
16 186
499 327
166 816
524 930
62 993
410 334
983 543
894 174
616 885
900 877
677 333
707 585
747 312
505 565
162 366
510 294
646 740
206 31
523 428
965 274
570 450
935 766
183 373
224 778
758 715
651 15
907 409
711 919
106 354
180 749
147 476
845 205
884 277
43 351
464 168
686 519
431 924
214 260
916 8
461 341
670 27
780 719
105 315
930 188
979 798
990 526
424 981
132 430
351 314
8 660
741 110
963 956
445 786
392 130
670 309
622 82
125 522
716 435
39 350
721 259
868 246
669 995
17 644
342 248
846 645
725 316
49 811
48 834
765 971
492 49
402 201
173 650
9 889
620 309
20 86
152 847
961 207
653 785
584 882
89 308
805 86
539 214
283 404
423 356
468 152
265 331
132 75
291 782
22 162
975 248
529 190
608 721
383 365
847 434
745 600
357 898
49 465
272 304
275 883
644 552
136 799
491 597
93 825
811 754
723 712
410 469
31 487
343 305
845 911
150 403
232 466
674 281
434 296
346 326
111 954
183 345
702 763
775 117
228 870
135 474
46 595
815 937
537 87
507 278
180 368
676 605
988 735
954 859
167 90
793 479
902 11
775 283
800 589
730 770
858 255
498 254
924 998
872 463
303 475
990 611
755 282
351 431
1000 403
323 390
535 909
816 517
507 850
511 698
187 848
929 747
610 912
421 31
875 556
946 430
50 379
749 443
531 248
148 988
458 20
278 363
974 431
373 935
601 124
984 116
307 457
36 777
442 608
135 657
652 499
658 796
911 626
718 852
416 748
131 932
599 774
156 529
509 393
260 259
774 821
131 821
150 115
267 309
219 540
41 960
872 802
745 564
407 753
818 184
158 681
486 10
344 527
676 861
488 954
624 454
994 199
810 935
908 280
931 201
418 12
883 192
156 426
738 709
278 608
615 265
140 577
987 174
589 430
45 444
708 12
980 745
203 588
741 28
901 643
124 458
472 667
168 44
343 168
733 608
440 505
518 148
497 248
81 505
707 93
821 461
473 375
493 140
220 964
717 72
406 781
748 646
730 905
536 194
241 76
532 89
29 107
526 989
941 551
344 371
311 817
259 650
332 492
173 816
665 828
795 893
564 54
838 701
711 193
807 754
725 101
965 566
32 254
195 858
74 361
863 171
41 947
45 536
197 365
895 794
811 875
31 845
131 115
46 130
20 65
537 625
961 977
800 465
99 719
143 851
899 391
595 276
960 151
838 136
571 271
221 138
671 824
585 191
456 485
720 850
917 344
745 417
193 794
323 855
50 901
159 229
966 767
373 308
609 402
827 71
901 948
975 327
922 369
101 342
798 452
653 511
25 882
865 77
642 995
516 984
104 868
345 638
309 475
875 949
152 410
502 548
673 776
414 894
271 915
368 568
578 647
315 983
446 175
121 932
947 669
534 910
973 166
959 151
156 320
507 60
551 73
240 465
479 50
502 881
618 934
88 677
548 909
647 629
521 31
795 936
606 138
265 345
409 977
398 223
168 446
117 727
246 485
105 811
273 87
555 877
890 184
28 223
840 973
88 114
288 372
752 169
641 270
13 30
502 428
823 418
940 638
813 648
69 168
822 638
148 601
98 744
173 250
141 412
96 192
590 629
809 498
810 861
200 52
23 920
525 660
249 733
107 267
935 923
285 581
883 267
385 180
593 729
8 857
944 389
529 541
508 348
716 921
932 686
951 194
310 206
223 699
594 61
408 66
963 240
840 69
536 382
441 254
45 388
214 261
363 957
591 393
439 652
405 524
372 593
410 946
750 298
473 318
290 348
328 535
882 162
998 159
350 999
367 975
336 145
674 663
545 67
555 118
792 420
173 999
190 991
428 848
17 623
144 755
682 724
94 379
616 247
827 261
469 253
356 457
754 349
284 547
723 726
156 872
584 996
752 326
861 572
97 919
355 331
27 35
196 845
341 292
514 630
93 451
587 229
382 995
143 899
442 913
813 603
761 218
525 167
726 552
912 180
362 375
35 423
973 795
109 746
101 682
690 121
581 761
430 196
765 12
201 28
572 117
666 510
305 46
453 382
311 112
131 758
79 212
572 859
385 103
104 527
266 802
672 801
305 264
343 304
642 137
520 133
96 243
595 155
779 480
185 973
488 893
585 337
327 988
315 704
120 360
450 297
95 624
846 187
564 616
126 791
604 889
698 498
42 382
171 30
187 696
128 331
829 973
242 105
583 610
927 764
604 927
700 862
882 89
336 70
497 61
981 867
731 260
471 513
536 790
241 48
210 472
892 241
125 670
442 924
544 528
344 438
71 61
624 131
772 96
187 960
351 221
578 179
890 129
696 186
334 896
425 996
979 461
230 625
397 118
793 698
717 685
645 400
792 892
278 219
806 681
456 314
625 470
532 774
112 239
231 91
853 718
545 757
433 179
474 801
454 267
59 345
689 962
317 513
512 837
326 885
801 988
452 888
384 456
438 831
392 963
11 811
989 833
943 975
142 823
306 485
771 885
685 167
376 161
358 465
306 628
842 386
555 839
651 360
638 232
767 972
849 311
632 65
595 183
906 822
210 363
375 551
985 791
68 93
841 731
293 880
936 737
495 126
299 163
979 16
927 813
660 232
309 454
856 603
299 48
915 794
259 862
968 944
54 469
493 139
792 254
812 257
97 460
948 450
55 821
596 819
816 595
32 418
40 621
259 646
921 996
60 624
703 206
946 625
144 571
877 71
912 855
647 619
994 357
42 150
122 152
157 581
925 610
235 792
787 897
718 919
365 405
882 513
829 6
886 217
563 625
22 777
470 354
546 577
724 403
156 711
732 614
911 593
364 534
936 99
365 695
974 735
593 860
960 121
946 4
714 56
878 783
798 397
633 72
852 430
766 748
680 247
510 46
231 171
427 534
597 606
893 759
898 197
297 730
427 679
45 108
780 225
73 308
396 666
883 302
258 727
810 920
506 62
67 349
875 690
441 312
167 686
358 735
522 282
261 310
525 917
659 607
993 653
65 590
212 779
855 99
566 242
536 1
233 484
963 962
124 94
627 369
440 5
631 393
228 492
156 321
618 532
431 329
747 952
207 822
959 231
313 808
929 944
626 410
49 995
818 584
726 65
89 60
805 350
541 372
963 542
772 56
773 769
908 552
772 207
153 569
516 971
896 991
70 982
566 971
697 904
184 565
409 336
948 575
383 506
495 540
577 339
743 330
447 921
967 828
162 539
988 403
917 665
261 965
919 195
755 569
68 352
396 303
913 11
357 846
931 51
699 63
94 822
495 208
522 476
37 781
640 802
707 873
157 344
80 890
242 445
264 514
10 106
945 701
765 20
592 694
703 834
381 412
114 57
228 49
764 195
517 795
521 344
351 437
798 780
642 528
751 820
203 194
699 729
190 988
82 829
39 319
591 972
248 840
781 632
110 97
19 325
938 917
322 494
961 944
774 824
402 342
653 783
126 523
967 435
386 994
153 533
740 639
407 920
501 45
348 688
629 289
773 519
145 282
477 69
316 325
409 221
892 880
20 577
849 671
757 62
942 96
987 521
783 880
328 154
400 775
131 761
82 153
634 666
463 308
339 378
305 190
589 678
884 38
991 770
82 40
907 217
249 617
180 941
224 953
885 444
368 756
559 575
450 439
231 542
824 760
162 483
825 673
21 428
314 166
902 495
171 371
188 691
391 878
141 835
614 431
383 816
148 469
941 668
233 863
732 295
94 792
205 225
158 297
342 474
833 369
869 475
542 435
910 695
894 614
751 987
535 798
203 785
905 21
355 938
302 679
185 367
351 62
173 970
9 953
483 78
380 590
877 98
164 531
403 657
265 256
522 761
725 478
344 439
927 392
79 593
958 332
161 560
24 714
4 154
922 645
939 609
28 256
758 488
736 727
753 783
737 642
956 996
61 200
427 647
778 816
987 966
62 744
386 121
373 199
393 385
509 391
843 491
292 115
867 831
649 694
512 857
232 884
628 754
667 822
698 992
974 781
775 804
79 171
652 724
192 229
334 31
816 298
814 805
231 685
262 155
215 153
461 57
523 2
137 707
399 447
12 517
270 545
904 56
897 201
671 665
479 296
133 791
450 189
896 15
295 7
456 922
945 598
12 875
698 262
888 194
830 283
299 465
621 654
752 707
676 878
111 412
556 767
502 188
1000 497
98 479
178 629
240 262
900 252
95 904
665 913
226 873
243 701
616 161
998 831
235 765
223 84
846 705
544 445
691 318
998 910
469 180
26 419
868 494
598 211
948 262
571 837
255 468
757 157
334 925
634 175
692 771
398 914
813 529
300 612
12 792
943 242
444 983
629 281
114 886
244 825
245 480
680 878
139 447
601 376
231 13
586 492
596 69
616 795
230 463
582 112
106 841
823 382
475 404
681 321
738 274
63 677
391 242
729 589
215 494
823 239
936 785
828 263
510 624
128 857
510 265
363 74
85 959
727 480
466 561
486 278
99 847
685 940
634 38
855 284
975 629
416 517
128 103
517 755
220 277
862 860
976 810
281 568
691 817
343 951
11 496
142 874
419 791
178 646
768 324
492 298
476 935
916 708
213 384
30 718
507 175
894 777
394 941
41 279
96 966
639 253
48 857
35 881
146 74
312 798
85 675
562 578
246 507
198 382
914 71
471 814
225 884
667 261
528 973
641 988
692 880
520 33
506 736
373 925
340 74
178 93
93 366
793 584
116 640
867 347
460 739
905 634
67 879
253 616
40 21
398 648
865 223
956 242
669 145
732 873
589 816
970 818
370 742
816 404
245 742
763 873
927 416
343 697
467 19
105 628
991 809
480 409
874 57
694 324
845 1000
811 77
814 861
927 198
894 399
487 591
770 287
590 900
741 312
444 770
525 551
548 408
627 129
636 911
257 353
298 671
336 486
635 666
229 101
656 553
90 797
950 399
642 628
441 109
155 939
356 120
211 855
696 757
531 954
937 653
405 635
725 630
156 311
440 34
539 766
464 344
651 716
800 770
271 151
425 323
173 997
742 670
817 821
303 294
777 391
734 681
915 273
666 905
350 150
727 620
784 564
75 237
789 350
723 585
744 748
529 256
923 565
201 855
919 207
886 6
217 413
199 725
936 429
297 978
408 710
582 426
827 965
230 260
984 296
315 6
188 776
886 339
101 569
909 808
468 488
357 899
662 96
311 114
336 902
447 658
908 480
471 862
21 201
940 785
295 431
703 562
116 248
746 83
164 407
106 306
806 825
988 948
521 703
850 949
172 201
580 222
564 763
346 244
573 643
426 332
871 606
51 857
267 948
362 634
259 868
21 653
29 914
124 16
566 187
937 745
6 354
778 411
670 133
374 489
682 756
458 607
440 62
574 865
670 276
748 556
911 10
523 803
753 194
471 515
542 338
212 657
450 794
605 966
752 390
697 267
38 61
847 825
86 297
14 58
786 51
903 904
149 252
320 161
265 736
982 343
517 306
210 624
28 257
191 759
574 268
830 922
524 545
541 605
800 345
395 927
343 829
568 741
696 410
71 498
109 571
990 220
810 622
23 143
830 613
84 911
509 390
329 96
696 311
673 917
465 608
961 635
291 188
960 391
407 754
232 644
236 608
421 354
956 297
818 262
380 635
417 487
804 245
989 303
537 470
322 652
523 144
409 843
194 755
874 113
169 662
337 217
10 193
951 603
391 828
506 816
65 759
505 496
40 467
197 526
109 542
953 352
525 960
492 545
863 562
685 762
946 954
488 392
425 506
470 40
288 606
932 853
204 508
77 842
226 516
333 288
660 959
20 478
123 984
892 160
360 849
968 656
734 583
660 814
40 623
424 718
596 684
725 256
670 387
194 456
122 330
783 160
159 922
697 793
901 213
45 802
84 495
407 863
192 856
28 246
268 677
607 2
667 425
579 741
528 625
981 185
782 906
680 844
351 977
944 559
11 538
641 935
208 5
606 89
832 54
838 124
841 296
913 843
292 144
101 736
746 727
603 866
549 328
629 58
408 476
581 167
709 114
644 647
270 966
310 455
901 800
573 451
166 923
261 641
334 457
962 782
465 366
780 227
339 309
953 561
954 218
900 772
225 430
727 483
999 382
27 546
219 136
885 627
443 448
606 876
966 924
823 829
461 220
134 66
747 918
30 115
561 656
974 298
560 42
485 295
692 462
114 19
96 522
171 88
688 334
411 745
447 255
621 736
845 408
60 816
223 260
722 613
254 33
636 483
878 32
596 849
713 975
777 106
484 598
639 738
160 100
9 833
346 514
630 274
813 850
830 880
793 80
265 568
657 238
51 107
549 808
914 215
768 747
32 908
773 545
387 506
871 258
678 952
784 774
966 18
827 952
184 678
775 568
597 798
129 859
224 995
867 568
172 305
942 181
93 841
638 324
414 370
955 58
295 565
813 56
870 171
219 837
323 820
140 806
491 762
524 188
675 56
768 886
770 284
2 276
846 51
648 165
813 218
343 15
471 58
642 962
609 669
665 355
298 668
9 455
889 765
180 627
591 394
793 455
189 726
635 522
546 25
802 399
380 103
787 289
863 522
258 75
96 534
761 976
522 30
839 65
364 691
399 92
812 715
685 595
721 36
858 57
43 799
129 495
622 961
19 214
518 268
26 710
647 936
961 417
467 552
54 234
397 365
173 581
130 552
106 699
88 930
919 345
481 309
869 970
801 634
240 956
10 948
1000 902
286 857
35 475
58 920
993 323
648 354
121 120
528 712
801 836
586 466
832 126
260 767
944 536
391 279
818 1
106 895
586 37
491 811
901 681
611 970
795 275
211 472
818 144
33 968
303 552
325 416
738 475
889 861
762 469
945 19
845 570
945 108
174 430
604 423
452 180
825 566
936 633
854 955
286 55
737 371
920 141
713 506
220 734
25 984
618 313
485 238
267 951
17 792
34 918
452 505
698 497
276 841
828 780
9 332
816 844
856 809
375 787
671 454
160 973
88 246
868 944
134 308
392 211
251 926
158 446
181 967
658 394
543 553
488 331
289 302
627 728
460 273
265 261
517 31
811 382
226 818
777 418
942 996
66 811
412 451
71 62
553 715
795 415
43 537
378 88
804 604
566 663
684 955
737 535
717 729
921 728
84 974
139 695
771 442
293 162
23 25
796 799
265 961
909 24
487 236
588 729
292 494
844 563
683 759
558 769
580 857
620 74
896 776
499 362
606 13
588 622
455 995
723 819
939 926
35 685
376 454
470 575
126 150
533 574
1 453
607 493
495 967
132 306
932 57
407 525
535 241
974 787
576 462
869 269
430 961
595 203
577 980
673 661
382 297
699 309
431 358
828 579
262 496
867 959
427 858
229 474
552 645
661 45
525 671
756 493
258 528
747 546
750 647
676 750
169 688
457 780
295 176
850 809
778 90
137 338
745 5
194 773
86 799
414 774
660 90
812 365
211 782
609 935
114 127
212 976
947 543
765 316
512 192
255 914
568 179
498 881
906 472
85 319
161 263
511 757
38 207
316 997
647 611
652 847
691 659
930 498
660 670
556 543
80 480
522 667
961 105
100 995
948 145
36 587
43 848
196 965
30 797
351 835
251 921
908 430
625 358
440 949
758 26
227 734
876 634
933 438
220 765
16 174
726 599
782 677
54 524
8 99
353 901
444 308
339 214
586 893
755 606
455 852
666 53
680 592
172 334
796 688
391 236
174 260
694 463
288 903
879 577
861 86
629 170
524 10
348 152
642 221
310 119
906 838
951 250
572 653
811 591
354 942
82 385
245 979
495 415
632 207
747 526
533 391
573 902
647 387
246 898
399 202
930 724
332 223
9 132
393 37
391 598
226 553
333 707
744 54
564 321
547 533
329 816
934 343
61 729
544 765
783 22
471 970
994 661
441 531
649 86
626 488
682 22
612 171
616 302
209 744
970 493
53 535
536 623
887 352
669 685
434 94
771 357
536 670
387 108
919 154
47 478
675 897
364 143
786 282
114 777
583 137
22 155
405 257
499 730
276 57
763 525
947 322
804 473
715 750
737 938
844 970
352 392
76 478
192 353
638 506
359 207
552 1
145 605
223 537
996 816
499 504
279 526
179 135
235 466
842 374
813 55
263 26
294 922
909 996
860 118
635 291
992 38
663 725
225 457
114 792
998 204
512 733
620 598
698 248
242 780
774 317
243 29
542 809
341 680
33 367
183 407
495 302
90 795
862 14
208 162
850 753
569 367
53 6
333 278
336 6
544 571
262 786
751 960
128 274
211 5
744 18
263 764
602 144
33 171
803 923
933 552
344 786
972 2
20 407
441 702
632 679
482 274
483 87
467 698
729 409
531 5
578 628
665 847
982 478
425 99
915 128
624 821
236 43
938 803
522 546
635 407
259 117
944 827
890 75
140 304
658 821
970 227
818 943
624 98
588 517
719 349
693 946
766 728
499 668
606 929
847 441
957 713
210 974
780 70
139 342
784 1
306 509
127 791
258 376
541 955
727 580
491 584
101 281
139 52
968 476
918 830
243 72
576 81
334 177
872 632
785 651
56 613
441 173
557 167
46 596
15 655
452 363
228 342
241 488
538 756
48 328
621 901
713 586
452 506
755 195
707 100
284 723
160 993
881 681
293 523
845 462
518 60
223 462
461 453
544 583
877 829
384 616
333 651
248 905
318 33
215 509
138 907
575 411
32 9
550 926
694 575
143 303
511 673
147 808
593 680
976 304
193 58
550 222
244 659
613 566
616 358
209 816
510 306
710 400
291 610
743 600
778 940
658 324
904 794
248 436
801 758
697 965
257 592
188 200
563 940
585 932
643 4
296 889
858 983
213 732
608 754
550 757
228 707
423 891
79 297
824 970
235 269
101 428
746 915
286 374
750 827
614 154
779 435
617 524
875 714
388 689
637 373
67 498
505 865
141 787
238 361
349 592
557 139
627 123
573 865
634 881
232 209
512 419
452 478
973 44
441 939
719 568
298 996
924 592
375 246
539 823
622 301
308 189
570 840
879 198
203 929
310 583
276 979
631 417
99 272
501 652
212 977
359 802
152 125
143 109
627 230
402 985
403 464
77 729
308 467
94 420
739 849
743 777
467 626
530 364
469 192
87 625
237 420
937 927
863 496
442 956
973 624
332 376
609 362
389 911
709 794
941 272
469 177
576 577
784 638
614 792
779 821
248 596
487 130
109 908
104 782
524 711
912 353
913 952
308 902
239 658
609 672
62 749
619 208
686 507
515 45
992 846
206 504
272 734
73 5
512 980
968 310
400 834
612 750
993 197
188 104
380 665
185 925
497 595
563 580
2 448
654 813
803 469
876 645
715 769
22 500
759 780
410 697
200 205
183 412
772 913
767 468
855 398
399 164
48 272
333 433
734 884
237 836
593 52
6 409
246 562
392 285
564 467
215 781
454 719
807 73
664 489
612 381
426 36
959 146
726 379
928 302
623 718
655 964
989 919
313 366
42 84
65 797
39 257
946 579
762 694
545 132
285 897
514 845
951 800
165 251
57 994
903 957
525 19
118 36
246 105
230 930
32 799
179 160
734 466
883 948
863 138
847 529
207 374
597 58
190 608
865 165
549 935
454 437
316 543
961 775
474 273
925 868
929 27
168 237
685 440
978 706
541 692
782 646
490 504
608 715
348 974
865 220
336 782
335 240
763 706
456 329
845 721
572 989
75 671
538 221
961 722
158 746
513 489
396 299
37 727
884 974
666 185
589 790
150 221
721 671
270 706
889 530
674 382
784 482
604 227
51 414
647 81
727 231
801 228
146 745
463 686
760 767
873 800
855 240
223 378
613 942
246 649
596 642
87 475
536 831
424 761
521 173
498 950
942 863
464 746
85 246
973 423
132 89
229 595
288 183
551 334
772 393
411 51
605 641
52 775
771 307
424 662
369 909
212 461
412 671
571 190
1 684
772 175
792 869
151 34
838 408
550 492
112 248
615 718
600 93
527 564
316 953
163 353
109 741
442 424
162 571
714 124
457 237
511 294
244 227
712 661
785 479
816 435
291 483
405 119
474 650
870 36
15 537
535 605
806 828
111 960
833 882
12 541
270 585
987 201
882 481
521 525
590 930
116 921
931 414
846 815
370 92
333 424
778 55
998 602
565 845
198 878
398 348
682 939
384 762
208 30
603 167
342 73
700 859
305 223
920 843
726 163
764 82
986 212
203 226
152 835
679 407
851 930
483 521
599 256
270 52
329 600
181 743
60 472
958 481
563 499
160 430
716 179
610 938
95 182
873 485
655 304
680 708
511 902
368 144
4 134
528 520
804 685
273 163
865 457
903 683
535 281
765 820
222 12
294 586
743 78
653 17
856 163
625 602
862 409
224 285
496 530
338 237
693 917
505 292
234 483
914 590
864 365
900 525
405 425
499 258
561 259
780 107
377 101
754 992
404 887
996 713
789 985
637 745
224 475
969 183
955 100
956 411
707 519
211 724
249 521
977 381
988 923
882 434
419 432
528 643
350 336
564 730
638 975
932 626
96 498
906 21
105 356
676 639
556 981
993 725
191 114
323 330
473 377
626 145
916 445
257 947
405 688
264 828
356 130
103 951
87 274
824 212
643 888
402 982
440 221
981 770
583 722
859 426
231 242
916 659
97 647
207 718
463 624
172 643
375 388
88 894
538 257
181 763
610 991
296 395
351 175
562 602
85 31
657 886
285 557
291 688
639 553
674 703
550 74
2 468
517 275
331 256
79 678
154 267
853 395
804 705
99 762
473 983
644 938
168 99
79 855
852 213
709 716
365 835
718 698
535 448
188 237
260 546
764 248
504 170
10 902
747 80
474 782
105 429
79 117
942 45
918 42
6 560
483 933
548 51
344 753
552 438
936 789
222 758
940 837
888 494
686 161
174 373
897 926
793 93
539 953
888 93
689 92
998 38
690 751
672 878
641 401
552 724
723 269
910 823
324 448
517 767
239 55
707 769
599 791
586 654
42 672
629 748
647 509
599 900
655 918
990 418
276 769
777 828
800 651
232 93
492 407
293 706
494 189
702 358
850 557
288 47
178 642
86 27
233 565
865 964
955 810
137 191
468 719
512 812
604 755
346 751
411 724
506 489
247 240
703 382
866 586
122 185
855 531
98 544
277 641
169 8
711 48
17 76
491 405
807 541
352 573
723 873
217 389
348 681
75 803
44 690
886 425
82 54
748 74
577 342
286 514
947 324
51 615
19 857
168 381
22 8
176 856
825 646
737 25
790 13
277 182
758 945
617 547
83 251
894 209
876 452
257 42
595 20
297 825
300 136
638 218
234 132
273 776
81 895
814 865
304 62
453 567
680 389
366 872
353 611
340 863
718 108
688 15
638 775
533 409
65 557
670 2
51 750
734 849
897 422
458 724
384 799
941 597
911 141
751 962
536 145
60 727
717 567
109 126
756 923
902 979
551 612
817 809
109 15
91 524
863 442
259 712
636 224
235 697
71 87
199 34
459 945
61 989
78 933
320 345
525 602
326 419
473 877
302 328
749 353
182 738
787 956
607 71
644 979
312 540
4 306
779 892
320 103
691 24
728 517
468 278
737 859
456 568
512 895
286 638
770 187
750 774
115 968
499 297
540 465
120 946
482 553
253 874
35 562
264 410
292 826
560 986
387 518
707 669
525 276
710 784
328 238
936 455
24 295
779 924
358 446
399 584
828 698
636 597
965 511
361 637
366 772
955 313
654 917
219 98
980 16
935 360
134 9
286 641
413 7
599 76
730 781
203 903
204 468
702 431
981 764
450 116
397 603
713 682
381 556
238 143
756 584
687 590
542 455
360 889
214 116
324 988
294 60
388 49
62 40
359 542
199 113
901 253
583 335
890 280
191 541
861 745
900 670
216 118
705 54
37 217
238 698
524 733
118 924
925 954
98 311
148 825
738 389
443 911
541 714
527 523
966 89
737 871
960 130
83 85
214 953
953 831
572 23
232 648
384 647
768 612
948 786
328 187
137 923
163 203
680 319
709 47
943 654
414 472
562 60
571 55
82 408
585 375
674 824
741 380
693 505
733 968
312 348
424 886
722 347
612 119
74 540
814 635
661 268
95 576
497 241
389 457
894 130
135 842
287 48
328 597
312 186
518 30
646 227
886 740
273 852
48 596
893 484
604 633
412 103
223 189
502 876
916 668
976 399
830 126
541 249
912 679
217 29
271 376
221 573
155 467
691 261
87 578
56 268
499 820
460 534
467 338
140 404
838 711
344 7
352 530
724 298
669 631
16 780
352 641
4 266
232 951
304 612
89 742
970 57
273 287
75 919
729 716
852 69
396 35
442 948
788 813
74 197
194 750
60 491
795 303
421 779
858 937
529 895
802 560
362 107
167 582
81 897
11 986
486 184
436 114
609 427
718 375
941 428
253 116
881 811
684 466
146 870
110 342
366 828
257 280
101 49
202 954
506 963
12 550
234 466
842 789
20 41
333 414
831 355
299 18
800 108
873 185
266 425
949 244
811 255
263 516
176 438
473 340
406 800
522 969
116 752
15 20
972 25
729 907
123 5
269 425
271 303
786 428
900 221
777 110
669 904
339 605
467 528
531 91
741 349
173 670
47 133
402 421
416 833
715 167
274 291
908 550
984 132
677 239
40 252
539 194
320 28
619 912
526 508
430 465
69 383
568 306
435 381
598 329
922 873
114 299
852 234
601 302
105 222
737 830
862 791
400 898
795 267
603 834
508 518
742 6
366 668
663 496
633 223
712 714
708 693
513 495
320 112
821 641
392 784
381 276
780 131
968 419
552 290
993 848
903 199
997 824
609 753
798 299
345 641
271 681
42 658
812 131
910 784
859 952
368 893
538 671
68 869
621 926
414 818
487 808
73 972
440 457
494 124
519 131
159 538
255 881
769 370
219 295
575 130
941 596
194 251
436 44
826 500
833 464
997 333
657 714
114 277
846 610
61 762
503 133
493 879
477 618
938 12
708 662
288 201
539 384
406 665
905 302
356 520
286 931
880 386
644 77
925 126
867 156
912 397
861 934
867 237
425 770
853 322
515 841
202 116
149 587
448 220
123 986
452 764
537 562
184 838
465 639
658 260
46 44
909 210
269 883
222 944
98 647
999 79
639 36
732 842
754 13
809 471
120 34
743 74
926 702
837 1
733 80
515 261
384 257
167 526
614 253
418 992
537 110
6 795
688 483
659 703
641 472
73 654
665 466
946 763
78 185
559 938
713 510
551 970
474 426
258 955
681 673
941 662
104 931
485 234
754 985
414 814
141 974
328 683
147 369
901 312
722 263
336 86
462 570
319 919
989 569
142 692
436 913
20 336
792 233
811 199
10 545
583 603
240 628
363 554
682 824
942 782
531 949
273 869
76 110
630 525
216 366
939 296
722 696
587 673
97 746
186 781
117 743
209 676
406 2
351 5
643 589
327 204
347 818
576 632
188 374
118 243
537 482
908 543
51 54
368 146
666 537
60 312
835 662
984 124
622 690
736 749
240 988
739 498
960 485
227 678
728 65
456 644
348 658
688 474
374 698
965 781
871 471
657 357
253 924
973 618
797 885
690 487
480 471
615 35
335 987
732 221
415 147
851 185
943 649
508 300
769 254
385 245
977 371
499 211
228 947
46 516
196 145
823 980
238 364
607 941
355 560
172 170
580 63
928 712
357 98
160 546
158 109
286 944
436 855
754 411
916 509
431 604
582 756
694 978
695 399
76 349
259 839
21 684
747 267
43 44
708 810
730 577
270 325
238 57
313 230
707 466
854 391
160 895
327 509
232 257
713 982
700 1000
722 668
284 296
448 297
929 798
694 542
496 229
630 408
539 263
668 253
834 149
667 458
378 9
929 655
970 501
381 898
939 562
946 330
662 483
450 541
880 458
112 36
347 911
579 744
122 389
913 44
809 83
495 656
27 954
121 75
586 391
218 771
957 300
795 433
136 530
102 429
322 869
199 553
149 756
645 671
100 259
580 712
926 980
549 371
246 235
572 52
41 548
79 228
211 404
767 139
499 401
581 51
874 207
918 338
239 339
331 940
943 685
1 112
186 60
918 997
246 907
814 698
260 317
157 333
215 187
863 895
490 947
315 513
890 955
208 186
225 764
302 916
472 639
548 576
163 546
898 691
846 821
955 590
262 810
670 183
252 386
345 352
915 172
845 403
369 90
922 559
833 459
560 269
194 7
507 52
719 354
865 986
437 673
273 600
227 213
235 590
570 589
710 206
312 130
798 565
179 391
164 593
860 790
558 641
578 67
88 971
530 222
587 403
321 859
50 315
344 228
238 640
79 644
724 335
818 820
601 444
514 541
197 178
843 398
737 716
315 812
944 994
961 772
853 286
286 753
487 48
73 196
455 534
157 811
226 314
118 884
672 704
219 559
365 805
61 492
33 211
785 496
698 563
168 363
516 608
887 849
598 812
548 81
37 724
305 19
224 37
513 287
533 852
400 560
353 752
712 937
231 755
487 581
73 657
647 61
278 544
542 813
16 175
988 861
720 483
152 79
921 249
817 355
55 551
206 689
308 193
769 369
807 153
316 724
618 736
450 110
769 9
436 45
418 496
541 49
831 100
134 476
473 32
312 994
37 290
781 736
448 538
485 649
588 238
661 621
728 473
796 486
346 624
349 379
648 186
557 950
304 880
909 269
757 963
170 693
703 493
368 407
923 564
130 327
717 641
245 128
725 150
468 161
168 61
645 565
466 318
84 113
946 116
349 390
507 793
843 452
598 622
177 130
315 257
658 979
19 887
478 568
466 96
801 953
417 620
788 597
440 827
291 763
734 685
712 743
305 183
824 929
822 380
41 653
447 745
28 925
744 892
696 218
129 114
220 496
96 139
189 930
206 64
390 123
927 160
142 945
769 2
592 619
183 336
423 449
262 65
603 365
234 408
312 322
384 269
778 163
449 767
546 199
949 186
567 383
254 558
926 138
894 542
381 441
777 890
650 200
906 350
467 892
378 417
164 474
534 846
631 334
498 838
216 127
63 482
263 732
195 698
288 8
680 986
274 55
972 34
989 988
761 721
941 857
881 24
754 230
791 623
846 750
886 811
772 230
398 159
626 300
847 948
633 632
997 843
479 272
190 733
193 175
265 746
336 286
679 395
409 503
781 375
340 25
931 598
804 650
142 275
435 263
74 461
666 649
739 501
334 571
575 603
389 730
84 38
724 324
451 650
897 612
625 607
754 829
704 106
346 166
693 914
32 663
415 124
590 522
607 488
980 318
766 331
548 26
767 150
955 8
396 833
296 667
670 779
819 617
968 365
185 901
258 715
307 505
449 776
536 140
324 88
968 797
76 745
224 860
506 826
570 387
461 165
975 648
450 261
767 554
568 754
977 28
315 597
906 16
923 914
633 183
716 703
699 568
206 536
82 986
124 161
610 760
863 734
920 682
5 8
907 612
195 662
18 133
660 820
702 171
33 15
156 27
48 948
506 464
952 234
661 718
901 223
528 841
56 270
610 845
791 736
957 216
189 78
173 324
890 173
35 696
309 231
256 975
202 483
27 12
190 584
877 498
792 928
117 397
619 839
162 924
182 603
37 332
285 163
860 431
399 974
387 674
616 770
527 670
987 729
272 226
71 754
910 659
277 159
83 224
590 770
289 609
287 42
439 4
93 967
556 481
847 226
650 618
119 843
390 289
802 929
845 222
516 675
186 74
689 81
409 81
374 835
3 641
309 433
884 326
744 398
524 500
998 263
102 712
320 193
343 214
203 611
495 267
977 120
356 67
138 928
485 289
807 244
792 179
242 86
133 901
652 640
253 773
652 109
863 685
216 500
894 929
697 107
79 210
592 127
574 803
223 147
134 384
377 551
854 19
947 751
431 454
810 126
696 941
39 352
494 418
223 199
445 230
28 50
761 740
325 592
237 497
623 451
627 516
739 222
297 55
707 608
816 757
256 828
688 799
804 552
584 832
550 117
457 266
610 192
714 866
753 712
104 528
594 249
97 876
353 218
447 816
286 758
322 727
841 206
969 385
953 772
255 164
763 753
784 26
861 4
455 823
832 822
563 646
158 750
965 230
452 975
932 497
918 164
991 790
914 6
764 672
304 78
604 473
698 786
510 300
59 980
703 519
561 42
210 152
841 778
737 361
225 573
262 90
608 90
158 27
822 34
589 365
627 134
702 596
345 699
290 482
132 513
208 167
155 928
427 71
51 959
351 300
637 631
565 998
198 657
324 596
199 360
242 205
742 518
43 460
341 247
930 404
789 607
204 145
106 283
786 183
164 743
835 414
431 75
436 499
40 956
221 708
31 742
300 776
976 941
363 197
938 812
781 338
307 503
2 431
757 883
316 127
562 323
9 577
909 494
469 599
573 65
900 759
904 754
958 566
567 615
453 67
236 341
261 912
153 831
979 135
852 127
926 898
36 76
538 138
6 620
334 361
743 247
600 383
728 820
785 497
362 30
366 702
272 12
870 254
840 317
369 340
287 994
324 322
828 710
405 115
78 268
509 63
188 724
448 623
512 702
767 928
418 81
277 622
868 713
171 363
964 164
103 600
401 738
897 229
37 954
276 230
81 122
63 190
932 937
811 168
744 341
599 73
160 998
752 612
589 115
574 665
336 231
781 801
53 150
199 487
227 159
963 787
910 302
126 915
199 221
626 75
383 492
960 571
958 26
635 251
981 987
178 984
18 49
556 561
80 506
354 249
653 57
528 878
765 997
550 211
539 366
339 644
912 604
431 220
1 787
645 374
955 628
687 911
288 437
970 177
610 136
279 137
251 780
502 370
639 279
396 171
680 998
380 216
258 132
331 582
169 359
207 219
244 369
653 13
35 330
993 466
116 359
253 65
889 146
705 535
196 366
569 780
158 632
370 553
544 659
893 859
223 964
831 517
723 151
898 280
37 892
784 28
173 948
906 831
267 704
998 137
823 982
536 272
755 900
332 979
924 655
154 683
284 622
215 6
120 508
391 731
978 229
696 709
755 162
774 24
722 489
953 670
29 79
926 231
394 476
722 632
383 745
372 769
138 985
656 790
347 453
590 440
394 574
860 669
274 24
863 366
100 794
874 949
1000 264
929 796
622 899
401 155
916 526
852 908
467 486
517 398
204 959
672 105
467 343
75 170
764 356
652 570
66 555
729 153
779 953
999 802
856 20
503 691
201 993
404 578
791 54
174 44
715 760
553 229
292 159
62 865
897 752
6 564
64 325
795 781
329 517
693 870
179 692
823 231
693 725
754 350
82 89
689 199
277 813
145 917
849 505
757 272
779 466
600 597
589 548
529 559
988 964
291 268
202 977
223 841
59 824
685 932
335 607
67 469
15 605
789 902
240 820
209 4
85 665
436 821
972 679
275 369
683 284
974 301
685 838
798 127
176 474
823 728
256 322
518 110
665 682
579 108
11 110
85 507
927 558
60 719
243 937
51 55
32 360
341 210
432 658
218 143
238 842
574 800
740 8
264 939
941 783
43 314
126 939
768 459
336 320
131 413
723 300
207 686
997 949
431 438
75 104
313 595
939 387
270 404
447 468
925 684
456 913
117 334
455 260
925 605
917 169
568 326
805 423
239 991
421 430
889 270
407 911
134 973
193 263
240 998
481 12
178 36
749 667
700 417
5 961
999 215
377 188
766 678
53 981
314 855
22 12
157 747
912 96
931 988
179 611
862 740
644 575
903 81
872 868
540 356
690 429
343 689
175 160
734 858
222 726
614 212
797 940
107 658
954 249
846 240
441 298
667 532
103 422
751 266
608 12
71 900
419 511
77 199
45 665
56 574
474 469
945 395
452 490
246 881
889 646
447 58
986 296
586 686
254 560
972 715
59 546
613 247
138 191
74 817
648 608
874 28
66 397
800 407
432 559
405 572
170 127
650 165
835 355
547 567
934 373
859 573
952 360
164 356
545 202
696 74
180 219
385 570
904 183
90 531
706 127
29 458
838 608
734 657
278 491
356 523
838 755
960 365
529 504
912 384
235 987
37 33
368 248
114 980
615 628
339 24
100 647
378 801
253 659
89 690
472 294
369 738
278 164
249 52
866 957
187 441
410 151
871 362
838 191
568 559
418 682
606 939
864 326
775 682
44 432
559 371
852 495
11 825
898 19
122 535
205 707
525 272
448 620
983 564
675 511
234 85
602 190
272 442
515 262
699 485
112 697
367 339
666 230
922 268
567 42
440 539
234 794
746 91
182 380
94 999
555 627
722 224
650 261
157 307
655 564
943 276
896 141
492 678
121 379
305 561
618 288
765 463
822 190
608 374
437 84
699 929
702 448
172 999
138 851
176 482
910 525
859 167
53 100
915 889
511 540
989 824
78 457
229 867
160 854
512 251
857 356
42 390
117 962
703 79
796 291
100 144
969 849
423 916
27 407
122 795
341 123
490 839
419 235
829 278
872 952
65 73
81 575
449 170
820 463
144 600
252 537
492 8
614 999
613 560
706 498
874 880
377 312
18 976
517 314
282 877
815 69
710 293
550 434
957 684
365 568
296 65
350 404
903 678
10 851
338 452
212 93
175 331
433 344
786 348
308 936
518 815
353 1
706 519
447 843
982 952
508 875
404 542
22 69
832 81
300 927
193 745
912 25
605 164
897 747
27 622
654 569
569 787
306 411
956 433
283 905
504 331
417 511
573 552
611 717
704 441
216 213
173 675
37 852
339 398
570 286
642 867
17 484
827 421
115 119
977 368
775 61
394 104
909 695
822 120
129 205
77 143
942 579
48 411
450 259
270 558
162 143
185 214
901 648
209 168
484 102
266 433
512 441
217 677
608 274
402 817
310 942
860 434
871 715
323 305
200 516
842 991
919 869
137 53
526 569
30 328
365 71
939 248
752 587
808 717
346 788
518 316
631 221
947 618
255 761
539 476
965 446
86 333
352 516
610 843
131 350
614 899
498 733
86 444
14 393
108 28
970 323
814 991
526 484
899 210
370 902
316 32
135 540
322 753
273 185
625 488
843 305
828 75
120 784
852 65
981 419
286 555
782 684
567 942
128 645
745 92
199 554
365 830
907 509
904 538
139 263
175 589
179 518
128 564
258 395
847 127
480 7
188 968
407 558
193 870
694 454
141 510
325 353
399 750
202 764
404 784
885 345
542 538
335 824
466 185
267 40
487 717
129 15
811 567
280 909
814 846
139 114
965 290
859 803
487 546
741 267
387 864
820 702
656 695
522 156
930 874
592 565
171 434
447 1
792 112
417 86
632 325
261 333
501 840
816 956
194 864
803 646
256 323
755 129
673 246
266 292
267 581
470 76
881 363
698 291
824 245
938 133
797 222
511 176
449 112
69 807
485 658
352 468
329 650
860 866
847 840
683 219
796 410
341 51
531 95
825 382
274 396
866 338
138 687
71 255
298 425
501 174
654 10
566 854
329 373
772 177
408 836
761 346
635 369
396 157
166 499
739 271
944 997
183 788
330 248
595 332
211 87
178 436
54 739
292 188
314 852
98 767
944 707
563 795
286 406
453 143
3 432
957 896
104 542
216 810
880 659
336 689
558 508
375 624
457 567
833 872
996 492
558 367
462 256
279 858
11 216
983 230
811 817
722 140
38 264
923 943
727 253
418 301
129 934
439 641
356 97
808 984
862 705
228 59
601 519
779 280
584 339
695 609
844 157
665 566
705 737
902 837
760 628
873 595
195 707
17 743
143 419
56 123
241 1
192 587
337 630
950 960
535 978
573 461
498 515
619 709
781 622
139 220
584 896
53 451
312 707
118 235
672 35
965 610
520 119
44 877
367 665
9 758
30 860
200 902
861 930
473 993
723 961
279 103
645 96
198 125
553 2
365 740
663 221
810 627
973 997
260 592
666 231
999 869
514 367
825 350
456 763
218 966
596 23
926 896
73 118
482 546
488 571
527 720
202 677
918 215
277 213
199 106
304 157
631 420
93 781
29 278
611 720
6 908
559 592
103 372
383 964
297 937
292 517
134 677
915 557
845 806
42 579
831 449
542 780
86 664
267 862
984 796
767 563
346 554
183 450
100 300
147 373
846 817
46 748
853 768
151 135
660 61
491 648
809 544
55 949
151 698
85 434
86 981
935 199
255 998
844 129
259 525
422 491
1000 415
235 634
731 273
845 297
591 773
317 368
542 347
199 108
976 973
790 817
333 998
192 710
132 378
229 725
880 339
290 827
184 298
79 603
298 478
562 515
342 527
538 681
482 130
529 475
678 196
779 927
840 108
178 26
236 292
457 81
822 12
689 622
453 37
164 40
818 559
576 56
6 703
853 580
710 87
141 328
145 653
457 179
644 609
760 308
443 96
338 118
193 665
490 77
932 420
631 814
717 501
573 438
282 337
324 52
974 138
617 655
120 177
971 700
357 140
799 37
641 399
642 864
243 45
580 148
104 741
509 946
689 276
12 575
237 968
703 831
100 406
854 697
727 165
768 84
646 85
314 418
543 727
820 872
199 413
483 182
20 138
692 290
807 51
683 97
264 945
265 472
764 396
526 345
622 22
436 151
710 202
592 37
866 476
78 708
155 313
874 947
691 667
531 66
630 412
298 291
381 438
658 451
255 329
520 416
833 47
317 118
654 47
416 681
921 700
322 607
361 713
496 342
425 862
482 793
863 565
222 847
173 377
303 650
197 115
568 633
733 321
273 419
278 988
425 632
359 137
232 858
68 480
110 799
144 70
98 587
933 612
798 808
68 375
33 772
509 131
36 277
789 305
353 895
875 798
859 693
755 836
672 868
436 529
77 289
500 878
912 210
617 901
450 356
17 847
38 551
81 64
214 356
401 569
552 903
627 461
461 309
281 695
48 742
971 488
863 686
4 881
80 23
992 137
502 722
765 728
821 166
90 464
467 189
920 649
981 800
193 837
14 217
142 914
402 71
277 937
498 540
134 534
472 191
398 171
807 821
266 840
706 392
333 334
208 791
818 673
467 373
286 987
450 637
666 605
120 591
134 963
66 525
586 340
549 928
455 637
629 338
956 934
136 675
620 123
32 611
415 416
988 358
36 43
68 230
573 284
352 384
794 219
619 66
253 832
288 844
914 656
510 113
7 363
227 849
842 382
382 399
918 187
119 808
928 935
876 593
331 246
145 176
137 551
729 849
396 512
628 65
186 476
149 200
129 65
831 428
262 89
324 290
147 491
243 146
613 425
301 526
103 646
531 593
647 479
635 517
485 322
108 899
364 533
751 91
571 543
76 353
191 176
124 117
942 130
461 426
318 13
237 847
319 860
165 422
739 769
833 324
762 610
890 415
14 181
52 1000
787 119
4 907
939 336
235 703
970 422
844 467
847 988
27 171
834 217
711 125
677 317
264 583
117 288
208 516
27 88
856 432
621 144
790 487
437 837
715 477
529 399
131 951
499 529
541 736
619 768
253 514
288 650
805 187
255 244
884 740
494 768
335 44
123 846
58 643
650 975
633 13
634 318
992 252
828 338
885 367
784 136
785 609
469 904
699 487
884 41
520 658
889 981
466 894
236 853
505 988
976 575
43 392
443 402
417 307
354 878
798 155
711 878
603 353
231 608
570 90
552 545
190 427
301 913
806 580
90 199
58 580
149 462
9 379
242 63
656 813
587 531
894 621
346 911
661 468
560 408
657 501
816 675
708 977
624 540
52 93
513 709
368 346
441 965
601 828
14 145
566 578
324 873
626 473
75 421
422 202
722 836
835 639
584 957
493 735
26 594
133 414
231 431
236 7
32 862
421 356
792 840
279 138
729 307
70 21
217 455
486 805
607 327
679 890
187 408
867 490
64 461
714 411
607 468
40 358
371 340
306 265
515 215
27 529
926 671
659 768
951 120
295 500
225 408
681 339
637 339
747 511
737 293
594 102
171 315
177 366
609 355
955 347
314 321
651 66
279 925
959 198
929 356
487 798
806 674
453 666
147 291
641 217
458 647
479 815
869 403
855 192
990 429
731 94
180 456
492 426
55 920
1000 109
339 342
329 771
403 472
226 653
578 342
463 712
289 637
252 345
894 7
276 554
564 148
892 297
105 681
640 684
921 865
186 810
282 941
265 697
331 168
593 541
66 951
123 714
251 497
326 493
607 116
222 18
406 309
946 214
127 147
457 483
420 241
314 604
637 670
227 713
799 567
191 866
729 271
897 555
443 929
735 758
41 926
278 989
279 396
27 735
728 832
712 581
676 224
624 305
236 559
23 907
287 22
918 156
595 1
633 182
31 29
659 796
767 775
665 115
794 265
304 53
474 333
417 367
257 481
770 695
561 147
536 367
129 815
392 551
48 441
86 705
582 698
215 39
915 981
147 319
556 33
606 396
661 738
952 334
854 3
733 599
458 699
954 804
910 230
742 911
108 559
473 350
458 522
346 325
820 252
640 362
34 697
18 338
77 757
264 942
781 759
48 965
964 691
34 552
109 36
167 881
754 219
299 291
956 722
353 387
796 11
635 21
428 903
655 448
814 744
146 208
221 652
877 327
847 616
152 833
570 427
834 357
818 862
838 293
610 220
465 875
136 725
355 427
908 947
467 229
140 261
465 180
810 413
960 34
64 23
287 327
469 544
808 118
149 674
68 983
836 556
653 82
671 882
305 61
895 400
534 174
917 286
171 980
524 563
644 930
196 417
793 616
144 268
163 56
880 518
475 378
920 413
577 875
255 549
988 939
861 339
699 184
208 381
138 88
506 894
499 558
287 675
402 597
989 527
441 9
168 847
560 113
568 764
543 301
119 367
854 742
410 903
109 341
591 525
596 921
603 83
860 546
25 661
495 353
515 680
506 306
894 961
350 867
647 525
730 197
803 787
398 21
41 376
114 670
702 103
860 454
338 810
184 272
833 101
355 233
619 596
985 162
199 936
826 818
313 733
753 443
977 710
908 960
856 433
729 165
493 540
154 330
122 454
819 84
205 950
473 528
156 283
192 184
818 932
106 978
273 473
885 76
300 950
466 458
728 905
822 554
770 178
465 642
999 69
430 832
396 368
902 855
918 213
885 366
135 149
799 178
126 66
185 620
242 583
928 318
419 271
764 567
11 105
394 115
659 709
760 982
100 351
392 528
210 267
450 314
305 485
124 924
825 798
110 272
57 388
3 874
557 303
281 588
431 582
219 488
755 202
946 661
467 914
211 892
920 542
454 764
436 927
972 889
422 414
405 676
262 759
503 246
327 398
103 199
38 217
498 978
826 539
281 904
800 936
963 676
105 716
277 917
962 78
891 92
482 446
903 347
477 761
997 652
680 716
94 98
779 768
652 530
748 235
89 354
919 228
334 572
653 952
36 910
679 740
900 727
60 20
689 620
31 885
37 292
409 133
62 841
945 331
174 135
235 714
953 832
679 970
442 199
426 832
851 97
73 257
909 833
115 858
228 603
124 532
683 637
991 19
864 67
150 478
390 457
266 203
529 583
182 47
42 914
443 433
797 514
854 989
605 850
34 238
141 778
93 561
674 312
560 170
372 504
543 435
945 864
267 892
252 150
897 197
367 199
711 738
930 135
769 259
989 744
885 823
320 685
485 409
910 842
842 986
929 288
433 884
632 522
48 587
303 397
267 683
916 308
385 804
616 30
854 8
234 957
364 892
511 767
296 484
792 489
562 963
355 67
249 452
34 226
604 662
307 384
26 516
247 838
820 662
572 614
344 14
805 399
292 342
973 841
135 648
852 878
755 693
865 493
813 517
64 12
47 445
418 527
553 88
75 908
349 37
4 384
892 861
952 666
97 37
975 134
562 105
266 570
177 205
31 254
453 168
241 914
19 946
166 775
634 375
942 164
837 50
949 648
325 366
914 829
367 295
477 419
978 623
600 426
961 857
516 347
90 632
676 967
77 334
831 549
484 336
447 300
874 88
340 988
898 504
96 328
725 997
64 918
590 39
936 714
108 230
797 663
618 468
472 726
197 727
56 917
556 34
497 375
816 959
122 666
218 105
241 312
612 332
318 388
66 693
52 240
533 367
369 92
43 927
775 486
998 757
894 938
455 170
56 793
783 24
87 447
204 111
21 797
68 670
122 862
963 636
961 941
972 246
244 685
32 185
605 692
273 456
528 569
123 745
160 349
788 810
743 411
264 491
486 640
44 682
218 993
714 72
476 285
222 809
64 391
50 230
508 686
514 313
861 238
553 197
297 519
705 386
500 58
887 958
376 8
490 112
720 925
53 71
870 287
820 826
176 815
839 712
400 679
185 599
943 734
241 87
362 985
317 597
802 665
148 316
766 509
287 989
559 558
430 630
470 931
868 52
42 618
595 890
375 994
780 920
234 430
628 242
104 846
470 141
903 312
648 661
63 22
566 171
750 308
962 10
399 48
830 332
557 492
284 368
105 437
203 864
275 111
756 636
795 612
759 303
30 647
915 63
864 661
815 478
429 396
892 227
32 480
899 595
863 418
133 279
652 777
854 163
714 606
914 12
972 282
389 974
212 359
305 515
964 950
213 822
628 815
754 478
497 670
397 307
18 891
28 63
38 382
739 479
631 853
417 939
658 811
342 704
808 196
719 438
991 701
504 891
639 207
884 742
615 854
666 242
618 788
162 560
14 529
932 60
737 972
171 930
373 264
658 511
984 675
391 46
174 330
323 652
304 31
931 77
79 331
7 478
945 921
646 691
114 759
557 12
745 244
907 37
67 256
504 364
803 404
987 339
223 653
560 143
688 84
796 17
783 302
287 668
646 989
439 625
154 707
410 873
198 980
694 969
732 308
243 972
777 787
150 895
686 669
411 573
656 912
57 101
738 765
571 787
217 879
42 700
845 341
186 562
541 124
561 614
198 513
341 7
144 717
696 106
661 692
593 678
351 178
868 360
389 913
925 767
531 152
456 862
643 434
353 458
759 198
834 315
429 629
653 161
402 431
956 778
739 106
265 637
767 344
640 927
934 849
3 49
611 164
890 495
729 305
677 49
735 783
467 13
417 800
596 753
698 659
456 282
753 612
44 513
176 649
879 961
989 1
173 52
926 626
738 76
732 805
309 532
900 901
850 216
707 609
135 248
853 931
34 269
16 768
132 898
974 137
386 398
499 43
617 652
229 382
836 170
750 332
155 156
867 936
997 889
940 327
122 473
802 889
589 351
719 748
225 632
299 145
137 718
11 229
323 23
205 787
439 597
479 920
635 606
427 117
471 356
517 932
497 233
522 74
176 386
964 443
432 540
128 741
464 397
420 680
317 288
337 546
946 656
877 936
971 303
333 566
206 418
753 107
202 455
298 302
28 91
506 77
645 196
957 210
673 245
658 81
313 788
70 996
307 306
951 613
476 395
131 96
938 624
425 835
942 344
581 504
825 50
553 95
538 301
520 784
45 811
727 947
467 41
197 112
714 42
40 437
409 96
642 398
904 521
206 369
888 392
525 451
430 889
289 635
236 952
832 863
561 439
267 44
917 474
386 402
650 743
580 356
393 662
232 394
728 527
547 117
909 582
677 598
876 767
642 835
684 458
208 403
278 543
281 489
429 109
487 943
480 95
404 481
651 96
817 376
855 384
107 351
695 379
589 212
954 947
389 388
797 263
212 793
690 857
327 696
612 282
360 155
643 974
212 611
856 923
964 558
217 935
345 154
644 428
863 312
39 426
152 566
248 971
725 327
70 516
306 536
60 554
42 237
856 697
782 161
108 350
68 322
238 937
131 273
209 741
41 285
866 193
578 205
329 684
302 309
909 371
783 430
735 929
882 599
956 818
304 681
411 335
497 648
828 244
259 147
149 672
689 939
257 775
130 15
206 290
761 41
504 62
98 898
426 793
23 937
559 715
266 942
894 222
310 447
261 745
962 870
324 15
936 905
597 225
410 624
105 120
907 393
410 739
983 226
760 97
698 126
129 86
336 467
172 873
465 241
428 259
727 249
332 871
719 597
778 25
851 709
143 137
845 479
705 628
392 291
33 55
803 567
220 899
683 29
332 69
315 881
284 480
530 392
454 944
381 752
366 284
507 838
15 225
274 93
95 55
212 753
621 107
986 792
899 995
131 269
597 130
501 285
265 759
558 535
902 645
355 376
605 520
472 444
951 572
131 43
960 401
444 34
725 159
853 330
568 726
217 488
559 849
212 181
909 121
623 929
421 687
120 844
267 313
714 98
880 838
24 530
135 774
302 161
782 539
948 775
610 290
443 201
144 362
509 72
954 311
521 968
922 265
391 958
747 276
710 664
180 947
822 486
995 885
632 52
686 337
814 650
929 492
15 313
537 231
497 994
479 534
669 482
319 185
306 820
347 160
129 789
955 417
924 720
262 971
301 623
73 912
20 233
648 690
901 288
519 241
775 267
983 484
272 906
147 230
185 415
81 286
264 778
233 619
471 673
990 595
959 220
809 725
513 730
181 892
848 215
86 660
48 911
788 772
35 820
877 229
86 632
478 48
619 562
311 185
508 887
765 848
839 41
930 775
239 941
726 285
991 498
689 640
885 84
161 947
644 952
500 302
469 629
696 423
865 304
663 253
266 693
359 827
415 468
642 312
515 58
808 4
917 626
740 871
320 735
657 349
516 400
520 595
850 326
163 510
500 115
106 402
775 576
837 92
512 803
862 673
556 500
3 396
872 929
665 148
386 399
33 706
328 898
755 797
279 809
585 382
935 694
415 49
497 910
778 255
962 624
770 64
824 529
574 605
629 542
613 185
426 277
320 816
997 90
835 115
194 793
394 375
751 47
552 943
592 876
59 609
578 691
542 14
983 392
845 487
226 537
498 786
685 638
750 870
643 866
954 609
513 549
282 662
19 172
1000 270
911 994
824 60
459 995
541 353
299 634
910 46
198 268
277 883
494 747
703 477
464 970
31 676
416 685
715 3
697 524
679 420
520 51
748 201
896 962
202 37
295 960
814 292
447 773
984 463
134 512
514 416
240 847
495 521
41 882
745 742
999 169
726 611
460 412
865 663
261 978
724 128
945 373
140 977
602 804
399 836
145 621
229 398
867 664
335 150
296 512
716 144
970 659
845 613
646 606
135 223
49 154
901 932
224 896
166 999
794 276
212 298
817 157
301 772
128 788
620 627
327 772
183 352
758 764
779 89
530 993
430 715
901 582
461 207
101 56
764 1000
600 889
657 173
661 198
161 91
828 857
812 438
816 945
893 189
590 199
446 95
11 494
851 774
321 279
955 275
574 157
574 412
501 486
82 840
558 518
947 756
325 712
735 381
683 222
976 356
192 659
766 174
563 388
963 638
921 732
807 817
847 964
4 34
316 780
812 905
27 195
389 1000
583 974
790 620
919 328
908 991
191 685
585 702
804 642
397 94
476 505
559 150
342 698
923 171
887 666
616 477
922 993
145 478
124 777
909 165
583 274
478 580
944 760
874 265
675 376
892 978
14 938
832 781
248 68
249 749
324 249
126 37
712 139
957 923
779 359
652 491
949 539
660 482
736 88
898 299
979 812
546 473
180 591
431 590
438 387
578 934
679 691
428 365
871 987
413 223
695 297
664 131
498 489
775 145
485 253
397 843
769 472
807 256
720 362
169 756
439 668
280 315
545 369
254 645
916 392
77 948
351 277
536 155
241 171
868 16
906 309
30 645
898 945
941 877
48 996
195 599
843 803
751 682
666 872
95 54
777 433
190 862
310 919
376 384
463 931
264 171
340 158
820 352
758 444
52 697
735 900
666 701
683 617
272 75
45 592
778 783
201 123
126 389
787 567
149 594
973 992
334 598
151 420
173 300
32 532
974 614
5 815
889 14
486 908
16 120
628 749
723 147
279 433
84 863
554 538
82 964
44 317
358 37
219 801
36 297
367 345
528 129
289 659
417 326
232 676
280 970
723 350
473 449
121 560
530 918
12 385
936 757
657 791
118 432
371 952
209 53
281 416
87 76
767 200
950 458
916 78
292 736
176 265
163 533
4 535
521 395
137 434
349 305
233 729
307 638
462 946
502 751
468 555
475 549
875 900
631 326
479 213
888 393
138 959
911 24
424 709
829 703
591 768
762 642
988 189
835 466
378 139
344 279
472 204
380 493
553 677
593 676
612 128
218 611
978 829
958 383
895 896
183 516
40 814
991 509
981 183
175 224
692 830
288 460
731 976
805 121
538 420
991 258
593 983
81 779
869 866
356 779
913 968
77 800
11 637
953 980
885 45
563 809
371 145
514 255
790 80
500 124
796 673
124 928
966 369
317 755
826 705
567 151
475 167
723 397
600 576
523 715
788 343
220 401
738 722
23 694
962 734
985 871
767 589
347 30
334 175
793 360
777 595
834 516
500 560
988 797
220 54
580 211
760 868
997 89
360 18
638 837
194 619
613 9
394 455
267 607
312 68
167 254
719 861
523 366
322 101
56 73
351 498
534 372
83 880
284 41
485 632
768 486
535 928
83 993
607 27
833 23
49 866
691 271
29 396
383 845
293 23
169 25
683 571
243 936
407 243
874 862
758 413
948 277
79 369
596 488
113 500
656 642
403 920
706 323
31 564
92 550
386 957
873 51
658 881
577 327
887 550
342 286
908 233
451 622
14 604
642 285
707 106
843 388
24 988
146 525
46 920
303 518
415 88
496 952
978 500
906 617
154 210
887 836
581 169
766 367
953 722
665 198
39 940
319 397
590 776
612 960
884 109
10 260
871 801
802 808
185 794
58 8
205 487
243 12
229 481
157 324
216 761
882 461
21 501
690 964
582 702
949 841
839 837
698 459
241 428
404 338
977 112
526 765
660 102
